0.55 31.25
17.883333333333333 20.15
0.5166666666666667 34.05
43.583333333333336 158
32.666666666666664 38.91
25.75 24
27.383333333333333 55
50.766666666666666 20.9
21.683333333333334 50
79.53333333333333 30
114.18333333333334 22.45
22.85 20.32
36.0 27
105.75 35
34.46666666666667 34
20.05 25
1.1333333333333333 37.7
51.38333333333333 25
23.966666666666665 31.8
29.233333333333334 27.2
123.56666666666666 23.55
1.25 42.75
87.86666666666666 25
51.56666666666667 30
14.466666666666667 92
12.333333333333334 20.55
34.266666666666666 25
51.416666666666664 42
58.93333333333333 41.88
60.86666666666667 43.86
26.55 31.7
23.433333333333334 25
34.65 25.7
0.55 25
38.88333333333333 100
108.1 22.05
0.06666666666666667 32
1.2833333333333334 42
24.633333333333333 25
19.65 22.22
20.883333333333333 20.05
1.1333333333333333 34.55
24.266666666666666 119.53
22.183333333333334 60
52.43333333333333 54
97.15 25
43.55 22
37.06666666666667 50
49.416666666666664 30
62.733333333333334 25
43.516666666666666 30
39.2 60
3.3833333333333333 46.05
116.86666666666666 40
20.983333333333334 25
32.983333333333334 27
46.43333333333333 20.2
74.15 25
0.18333333333333332 46.7
55.833333333333336 25
83.53333333333333 25
52.81666666666667 25
29.0 30
96.86666666666666 27.2
0.85 23
24.683333333333334 30
18.366666666666667 5
16.25 6.95
19.0 5.88
15.416666666666666 6.85
16.716666666666665 6.85
21.316666666666666 7.7
17.55 8.71
48.71666666666667 9.65
25.3 8
22.483333333333334 9
23.4 7.25
25.3 6.45
23.7 7.45
22.383333333333333 5
25.033333333333335 5
23.366666666666667 7.15
29.35 7.75
19.166666666666668 6.05
19.966666666666665 0
26.9 6.15
25.05 0
26.383333333333333 7.25
19.6 6.87
36.13333333333333 6.85
24.483333333333334 7.05
21.066666666666666 7.07
27.766666666666666 9.3
38.61666666666667 8
19.4 6.87
20.766666666666666 8.7
26.433333333333334 6.16
31.766666666666666 6.65
20.7 3
27.683333333333334 6.15
23.466666666666665 0
32.416666666666664 6.85
24.033333333333335 9.2
42.916666666666664 5
34.483333333333334 0
34.96666666666667 2.5
36.35 6.96
15.35 5.2
27.3 3
40.53333333333333 7.36
33.86666666666667 6.95
34.483333333333334 1
25.983333333333334 4.77
22.916666666666668 6.35
25.1 7.95
54.78333333333333 8.45
23.216666666666665 7.35
24.316666666666666 6.45
30.0 0
35.61666666666667 6.96
21.483333333333334 6.05
17.916666666666668 5
32.06666666666667 6.96
30.566666666666666 6.66
21.883333333333333 5
18.916666666666668 2
24.016666666666666 3.7
15.266666666666667 6.95
36.766666666666666 6.75
20.733333333333334 2
22.55 2
20.116666666666667 5
28.616666666666667 3
17.116666666666667 5.96
21.133333333333333 6.25
26.633333333333333 6.45
34.28333333333333 3
30.45 6.55
36.233333333333334 1
28.533333333333335 6.35
33.71666666666667 6.65
43.36666666666667 8.25
37.11666666666667 3
37.766666666666666 3
31.216666666666665 6.36
45.75 8.85
32.833333333333336 9.8
17.316666666666666 2
25.05 6.25
34.916666666666664 5
26.133333333333333 5.5
36.96666666666667 8.35
21.033333333333335 5.95
32.766666666666666 5.5
19.933333333333334 6.05
23.466666666666665 3
19.033333333333335 6.15
22.783333333333335 6.15
22.883333333333333 3
32.583333333333336 7.95
19.233333333333334 7.25
26.766666666666666 2
23.2 10
19.483333333333334 10
41.8 11.75
21.133333333333333 10.9
34.233333333333334 11.8
27.4 10
63.86666666666667 10.25
31.3 11.8
23.133333333333333 10.55
32.65 11.8
21.5 10.75
50.68333333333333 11.6
50.416666666666664 10
63.75 10.25
45.266666666666666 10
38.75 10.7
70.06666666666666 11.15
43.55 11.05
19.55 10
42.8 10.84
26.5 11.05
41.03333333333333 11.95
43.7 10.95
58.93333333333333 11.55
51.78333333333333 10.8
37.63333333333333 10.3
34.8 11.5
35.93333333333333 11.8
43.3 10.7
49.85 11.55
22.883333333333333 11.05
0.45 10
28.333333333333332 11.2
22.65 10.9
21.666666666666668 10.9
22.833333333333332 10.6
32.833333333333336 12.1
23.933333333333334 13
61.95 13.05
34.7 12.1
61.25 13.05
61.06666666666667 12.7
22.783333333333335 14.15
38.5 12.55
47.483333333333334 12.4
51.2 12.09
50.53333333333333 13.9
15.316666666666666 14.16
43.833333333333336 13
56.8 14.65
33.05 12.25
39.25 12.55
40.56666666666667 12.85
24.883333333333333 14
29.0 14
32.71666666666667 12
34.9 12
45.31666666666667 13
41.93333333333333 13.2
52.85 12.45
34.7 12.4
48.833333333333336 13.9
36.36666666666667 12.4
38.083333333333336 12.25
38.43333333333333 12.7
43.75 13.15
57.8 14.05
35.516666666666666 12.1
56.55 12.3
92.33333333333333 12.95
69.15 13.58
81.75 13.55
34.61666666666667 12.1
28.566666666666666 12
20.366666666666667 16.05
93.3 16.3
0.06666666666666667 15.8
18.766666666666666 18
38.25 16
80.3 17.05
61.666666666666664 15.85
80.03333333333333 17.2
31.483333333333334 15.8
62.35 17.3
18.366666666666667 16
64.13333333333334 16.15
22.583333333333332 18
84.01666666666667 15.55
32.5 18
68.9 15.55
106.6 17.8
39.96666666666667 16
76.08333333333333 16.4
67.5 16.15
64.3 16.3
75.61666666666666 17.25
86.81666666666666 16
83.08333333333333 17.65
22.083333333333332 15.75
0.45 17.55
54.78333333333333 16
30.9 16
16.183333333333334 16.45
115.31666666666666 17.45
22.166666666666668 15.55
70.93333333333334 16.5
30.9 17
18.766666666666666 18
0.2833333333333333 18.65
159.53333333333333 18.36
88.81666666666666 18.85
22.583333333333332 18
32.5 18
3.2 19.65
36.483333333333334 19.51
0.5666666666666667 18.05
31.783333333333335 18.9
32.36666666666667 18.9
0.55 18.05
17.233333333333334 18.56
109.75 18.5
29.7 18
42.983333333333334 19
0.5833333333333334 18
64.36666666666666 18.5
