1
2017 Jan 05 10:47:37 PM
2017 Jan 05 10:48:10 PM
1
10
5
N
265
265
1
156
0
0
31.25
0
0.3
187.55
1
2017 Jan 07 02:39:29 PM
2017 Jan 07 02:57:22 PM
1
10
5
N
265
1
1
88
0
0
20.15
12.5
0.3
120.95
1
2017 Jan 04 10:43:47 PM
2017 Jan 04 10:44:18 PM
1
10
5
N
265
265
1
170
0
0
34.05
0
0.3
204.35
2
2017 Jan 11 05:33:18 PM
2017 Jan 11 06:16:53 PM
1
10
1
N
138
239
1
35
1
0.5
158
5.54
0.3
200.34
1
2017 Jan 29 02:16:42 AM
2017 Jan 29 02:49:22 AM
1
10
1
N
230
95
1
32.5
0.5
0.5
38.91
0
0.3
72.71
1
2017 Feb 15 08:28:06 PM
2017 Feb 15 08:53:51 PM
1
10
1
N
170
92
1
30
0.5
0.5
24
5.54
0.3
60.84
1
2017 Feb 18 01:12:12 AM
2017 Feb 18 01:39:35 AM
1
10
5
N
148
265
1
0
0
0
55
10.5
0.3
65.8
1
2017 Mar 09 01:11:21 AM
2017 Mar 09 02:02:07 AM
1
10
1
N
35
181
1
40.5
0.5
0.5
20.9
0
0.3
62.7
2
2017 Mar 12 06:54:54 AM
2017 Mar 12 07:16:35 AM
2
10
1
N
142
138
1
29.5
0
0.5
50
5.54
0.3
85.84
1
2017 Mar 16 03:19:56 PM
2017 Mar 16 04:39:28 PM
1
10
1
N
186
70
1
53.5
0
0.5
30
5.54
0.3
89.84
1
2017 Mar 17 11:18:03 AM
2017 Mar 17 01:12:14 PM
2
10
1
N
138
163
1
68.5
0
0.5
22.45
5.54
0.3
97.29
2
2017 Mar 22 10:39:20 PM
2017 Mar 22 11:02:11 PM
3
10
5
N
48
265
1
70
0
0.5
20.32
10.5
0.3
101.62
1
2017 Mar 28 04:22:19 PM
2017 Mar 28 04:58:19 PM
1
10
2
N
70
132
1
52
4.5
0.5
27
0
0.3
84.3
1
2017 Mar 31 06:17:33 PM
2017 Mar 31 08:03:18 PM
2
10
1
N
236
87
1
61
1
0.5
35
0
0.3
97.8
1
2017 Apr 06 07:32:14 PM
2017 Apr 06 08:06:42 PM
1
10
1
N
132
265
1
33
1
0.5
34
0
0.3
68.8
1
2017 Apr 29 01:19:10 AM
2017 Apr 29 01:39:13 AM
3
10
5
N
68
265
1
120
0
0
25
10.5
0.3
155.8
1
2017 May 01 11:00:24 PM
2017 May 01 11:01:32 PM
1
10
5
N
265
265
1
152
0
0
37.7
0
0.3
190
1
2017 May 17 02:35:07 PM
2017 May 17 03:26:30 PM
1
10
1
N
100
138
1
39
0
0.5
25
5.76
0.3
70.56
1
2017 May 09 10:34:40 PM
2017 May 09 10:58:38 PM
1
10
1
N
224
89
1
30.5
0.5
0.5
31.8
0
0.3
63.6
1
2017 May 15 11:24:02 AM
2017 May 15 11:53:16 AM
1
10
1
N
264
138
1
32
0
0.5
27.2
0
0.3
60
1
2017 Jun 04 04:25:22 PM
2017 Jun 04 06:28:56 PM
2
10
1
N
138
230
1
72
0
0.5
23.55
5.76
0.3
102.11
1
2017 Jun 07 02:52:20 PM
2017 Jun 07 02:53:35 PM
1
10
5
N
138
138
1
126
0
0
42.75
16.26
0.3
185.31
1
2017 Jun 12 09:58:08 AM
2017 Jun 12 11:26:00 AM
1
10
1
N
166
166
1
54.5
0
0.5
25
0
0.3
80.3
1
2017 Jun 22 12:54:12 PM
2017 Jun 22 01:45:46 PM
1
10
1
N
138
239
1
38
0
0.5
30
5.76
0.3
74.56
1
2017 Jun 24 09:00:04 AM
2017 Jun 24 09:14:32 AM
1
10
1
N
265
265
1
27.5
0
0.5
92
1.75
0.3
122.05
1
2017 Jun 24 05:26:12 PM
2017 Jun 24 05:38:32 PM
4
10
5
N
265
1
1
90
0
0
20.55
12.5
0.3
123.35
1
2017 Jun 25 02:44:08 AM
2017 Jun 25 03:18:24 AM
1
10
1
N
148
42
1
33
0.5
0.5
25
0
0.3
59.3
1
2017 Jul 01 12:23:49 AM
2017 Jul 01 01:15:14 AM
1
10
1
N
132
132
1
41.5
0.5
0.5
42
0
0.3
84.8
1
2017 Jul 06 01:12:23 PM
2017 Jul 06 02:11:19 PM
1
10
1
N
79
39
1
41.5
0
0.5
41.88
0
0.3
84.18
1
2017 Jul 22 06:31:03 PM
2017 Jul 22 07:31:55 PM
1
10
1
N
114
39
1
43.5
0
0.5
43.86
0
0.3
88.16
1
2017 Jul 30 08:26:10 PM
2017 Jul 30 08:52:43 PM
1
10
1
N
179
88
1
27
0.5
0.5
31.7
0
0.3
60
1
2017 Aug 21 04:02:30 AM
2017 Aug 21 04:25:56 AM
1
10
1
N
230
138
1
30.5
0.5
0.5
25
5.76
0.3
62.56
1
2017 Aug 26 11:56:37 AM
2017 Aug 26 12:31:16 PM
1
10
1
N
223
135
1
33.5
0
0.5
25.7
0
0.3
60
1
2017 Aug 28 11:48:05 AM
2017 Aug 28 11:48:38 AM
1
10
5
N
265
265
1
140
0
0
25
0
0.3
165.3
1
2017 Aug 30 04:38:47 PM
2017 Aug 30 05:17:40 PM
1
10
1
N
132
265
1
35
1
0.5
100
0
0.3
136.8
1
2017 Sep 18 05:12:36 PM
2017 Sep 18 07:00:42 PM
1
10
1
N
138
161
1
66
1
0.5
22.05
5.76
0.3
95.61
1
2017 Sep 18 09:49:05 PM
2017 Sep 18 09:49:09 PM
1
10
1
N
211
211
1
2.5
0.5
0.5
32
0
0.3
35.8
1
2017 Sep 29 03:38:56 PM
2017 Sep 29 03:40:13 PM
1
10
1
N
97
97
1
3
0
0.5
42
0
0.3
45.8
1
2017 Sep 30 01:55:48 AM
2017 Sep 30 02:20:26 AM
1
10
1
N
68
14
1
29.5
0.5
0.5
25
5.76
0.3
61.56
1
2017 Oct 01 05:03:58 AM
2017 Oct 01 05:23:37 AM
1
10
1
N
163
265
1
29.5
0.5
0.5
22.22
10.5
0.3
63.52
1
2017 Oct 03 08:17:18 PM
2017 Oct 03 08:38:11 PM
1
10
5
N
163
265
1
80
0
0
20.05
0
0.3
100.35
1
2017 Oct 05 05:33:21 PM
2017 Oct 05 05:34:29 PM
2
10
5
N
265
265
1
160
0
0
34.55
12.5
0.3
207.35
1
2017 Oct 12 02:23:46 AM
2017 Oct 12 02:48:02 AM
1
10
1
N
164
243
1
29.5
0.5
0.5
119.53
0
0.3
150.33
1
2017 Oct 12 10:15:47 PM
2017 Oct 12 10:37:58 PM
1
10
2
N
186
265
1
52
0
0.5
60
10.5
0.3
123.3
1
2017 Oct 13 06:56:07 PM
2017 Oct 13 07:48:33 PM
1
10
1
N
31
24
1
39.5
1
0.5
54
0
0.3
95.3
1
2017 Oct 14 05:34:44 PM
2017 Oct 14 07:11:53 PM
3
10
1
N
138
48
1
60.5
0
0.5
25
5.76
0.3
92.06
1
2017 Oct 21 09:47:37 PM
2017 Oct 21 10:31:10 PM
1
10
1
N
79
14
1
36
0.5
0.5
22
0
0.3
59.3
2
2017 Oct 26 02:06:04 PM
2017 Oct 26 02:43:08 PM
1
10
1
N
164
138
1
34.5
0
0.5
50
5.76
0.3
91.06
1
2017 Oct 27 07:10:37 PM
2017 Oct 27 08:00:02 PM
1
10
2
N
226
132
1
52
4.5
0.5
30
0
0.3
87.3
1
2017 Oct 29 03:40:21 PM
2017 Oct 29 04:43:05 PM
1
10
1
N
138
230
1
45
0
0.5
25
5.76
0.3
76.56
1
2017 Oct 31 04:02:42 PM
2017 Oct 31 04:46:13 PM
5
10
2
N
83
132
1
52
4.5
0.5
30
5.76
0.3
93.06
1
2017 Nov 08 10:47:28 PM
2017 Nov 08 11:26:40 PM
1
10
1
N
79
72
1
35
0.5
0.5
60
0
0.3
96.3
1
2017 Nov 09 07:38:40 PM
2017 Nov 09 07:42:03 PM
1
10
5
N
265
265
1
184
0
0
46.05
0
0.3
230.35
1
2017 Nov 17 04:41:13 PM
2017 Nov 17 06:38:05 PM
1
10
5
N
162
265
1
100
0
0
40
12.5
0.3
152.8
1
2017 Nov 19 02:50:13 AM
2017 Nov 19 03:11:12 AM
3
10
1
N
140
58
1
30
0.5
0.5
25
0
0.3
56.3
1
2017 Nov 30 10:07:28 AM
2017 Nov 30 10:40:27 AM
2
10
1
N
87
265
1
27
0
0.5
27
10.5
0.3
65.3
1
2017 Dec 08 12:59:13 AM
2017 Dec 08 01:45:39 AM
1
10
5
N
158
265
1
70
0
0
20.2
10.5
0.3
101
1
2017 Dec 08 05:19:22 PM
2017 Dec 08 06:33:31 PM
1
10
1
N
138
243
1
46.5
1
0.5
25
5.76
0.3
79.06
1
2017 Dec 11 12:51:39 PM
2017 Dec 11 12:51:50 PM
1
10
1
N
132
132
1
2.5
0
0.5
46.7
0
0.3
50
1
2017 Dec 14 04:32:37 PM
2017 Dec 14 05:28:27 PM
1
10
1
N
138
113
1
40
1
0.5
25
5.76
0.3
72.56
1
2017 Dec 14 05:24:28 PM
2017 Dec 14 06:48:00 PM
2
10
1
N
138
230
1
53
1
0.5
25
5.76
0.3
85.56
1
2017 Dec 15 03:18:11 PM
2017 Dec 15 04:11:00 PM
1
10
1
N
163
138
1
38
0
0.5
25
0
0.3
63.8
1
2017 Dec 19 04:24:28 AM
2017 Dec 19 04:53:28 AM
1
10
1
N
107
165
1
32
0.5
0.5
30
0
0.3
63.3
1
2017 Dec 27 05:52:15 PM
2017 Dec 27 07:29:07 PM
2
10
3
N
264
265
1
77
1
0
27.2
12.5
0.3
118
1
2017 Dec 27 11:58:14 PM
2017 Dec 27 11:59:05 PM
0
10
2
N
90
90
1
52
0
0.5
23
0
0.3
75.8
1
2017 Dec 30 10:24:47 PM
2017 Dec 30 10:49:28 PM
2
10
1
N
138
234
1
30
0.5
0.5
30
5.76
0.3
67.06
1
2017 Jan 01 07:18:11 AM
2017 Jan 01 07:36:33 AM
1
10
1
N
87
41
1
28.5
0
0.5
5
0
0.3
34.3
1
2017 Jan 01 07:28:07 AM
2017 Jan 01 07:44:22 AM
2
10
1
N
141
138
1
28.5
0
0.5
6.95
5.54
0.3
41.79
2
2017 Jan 01 08:07:11 AM
2017 Jan 01 08:26:11 AM
1
10
1
N
90
138
1
29
0
0.5
5.88
5.54
0.3
41.22
1
2017 Jan 01 09:26:45 AM
2017 Jan 01 09:42:10 AM
2
10
1
N
138
162
1
28
0
0.5
6.85
5.54
0.3
41.19
1
2017 Jan 01 09:34:04 AM
2017 Jan 01 09:50:47 AM
2
10
1
N
138
79
1
28
0
0.5
6.85
5.54
0.3
41.19
1
2017 Jan 01 10:06:33 AM
2017 Jan 01 10:27:52 AM
2
10
1
N
138
37
1
30
0
0.5
7.7
0
0.3
38.5
2
2017 Jan 01 10:58:39 AM
2017 Jan 01 11:16:12 AM
1
10
1
N
138
79
1
28.5
0
0.5
8.71
5.54
0.3
43.55
1
2017 Jan 01 11:38:42 AM
2017 Jan 01 12:27:25 PM
1
10
1
N
41
138
1
42
0
0.5
9.65
5.54
0.3
57.99
1
2017 Jan 01 12:02:17 PM
2017 Jan 01 12:27:35 PM
2
10
1
N
138
230
1
31
0
0.5
8
5.54
0.3
45.34
1
2017 Jan 01 12:20:53 PM
2017 Jan 01 12:43:22 PM
1
10
1
N
138
239
1
30
0
0.5
9
5.54
0.3
45.34
1
2017 Jan 01 12:32:04 PM
2017 Jan 01 12:55:28 PM
1
10
1
N
138
68
1
30
0
0.5
7.25
5.54
0.3
43.59
1
2017 Jan 01 12:40:30 PM
2017 Jan 01 01:05:48 PM
2
10
1
N
143
138
1
31.5
0
0.5
6.45
0
0.3
38.75
1
2017 Jan 01 12:46:01 PM
2017 Jan 01 01:09:43 PM
1
10
1
N
138
234
1
31
0
0.5
7.45
5.54
0.3
44.79
1
2017 Jan 01 12:55:54 PM
2017 Jan 01 01:18:17 PM
2
10
1
N
186
138
1
29.5
0
0.5
5
5.54
0.3
40.84
1
2017 Jan 01 12:57:18 PM
2017 Jan 01 01:22:20 PM
1
10
1
N
138
238
1
30.5
0
0.5
5
5.54
0.3
41.84
1
2017 Jan 01 01:09:53 PM
2017 Jan 01 01:33:15 PM
3
10
1
N
68
138
1
29.5
0
0.5
7.15
5.54
0.3
42.99
1
2017 Jan 01 01:16:33 PM
2017 Jan 01 01:45:54 PM
1
10
1
N
163
138
1
32.5
0
0.5
7.75
5.54
0.3
46.59
1
2017 Jan 01 01:16:58 PM
2017 Jan 01 01:36:08 PM
1
10
1
N
211
138
1
29.5
0
0.5
6.05
0
0.3
36.35
1
2017 Jan 01 01:30:18 PM
2017 Jan 01 01:50:16 PM
1
10
1
N
138
232
1
28.5
0
0.5
0
0
0.3
29.3
1
2017 Jan 01 01:51:12 PM
2017 Jan 01 02:18:06 PM
1
10
1
N
138
17
1
30
0
0.5
6.15
0
0.3
36.95
1
2017 Jan 01 02:00:04 PM
2017 Jan 01 02:25:07 PM
1
10
1
N
233
138
1
30.5
0
0.5
0
0
0.3
31.3
1
2017 Jan 01 02:34:39 PM
2017 Jan 01 03:01:02 PM
1
10
1
N
138
113
1
30
0
0.5
7.25
5.54
0.3
43.59
2
2017 Jan 01 02:35:39 PM
2017 Jan 01 02:55:15 PM
1
10
1
N
138
79
1
28
0
0.5
6.87
5.54
0.3
41.21
1
2017 Jan 01 02:43:56 PM
2017 Jan 01 03:20:04 PM
2
10
1
N
41
88
1
33.5
0
0.5
6.85
0
0.3
41.15
1
2017 Jan 01 03:11:03 PM
2017 Jan 01 03:35:32 PM
3
10
1
N
138
239
1
29.5
0
0
7.05
5.54
0.3
42.39
2
2017 Jan 01 03:40:31 PM
2017 Jan 01 04:01:35 PM
1
10
1
N
138
229
1
29
0
0.5
7.07
5.54
0.3
42.41
1
2017 Jan 01 03:55:35 PM
2017 Jan 01 04:23:21 PM
1
10
1
N
138
238
1
31
0
0.5
9.3
5.54
0.3
46.64
1
2017 Jan 01 03:56:42 PM
2017 Jan 01 04:35:19 PM
1
10
1
N
138
198
1
33.5
0
0.5
8
0
0.3
42.3
2
2017 Jan 01 04:01:13 PM
2017 Jan 01 04:20:37 PM
5
10
1
N
138
141
1
28
0
0.5
6.87
5.54
0.3
41.21
1
2017 Jan 01 05:03:31 PM
2017 Jan 01 05:24:17 PM
1
10
1
N
138
141
1
28.5
0
0.5
8.7
5.54
0.3
43.54
1
2017 Jan 01 05:05:21 PM
2017 Jan 01 05:31:47 PM
1
10
1
N
138
49
1
30
0
0.5
6.16
0
0.3
36.96
1
2017 Jan 01 05:08:29 PM
2017 Jan 01 05:40:15 PM
1
10
1
N
138
17
1
32.5
0
0.5
6.65
0
0.3
39.95
1
2017 Jan 01 05:14:52 PM
2017 Jan 01 05:35:34 PM
3
10
1
N
107
138
1
28.5
0
0.5
3
5.54
0.3
37.84
1
2017 Jan 01 04:22:51 PM
2017 Jan 01 04:50:32 PM
1
10
1
N
138
216
1
30
0
0.5
6.15
0
0.3
36.95
1
2017 Jan 01 01:33:25 AM
2017 Jan 01 01:56:53 AM
1
10
1
N
170
257
1
29
0.5
0.5
0
5.54
0.3
35.84
1
2017 Jan 01 01:37:57 AM
2017 Jan 01 02:10:22 AM
2
10
1
N
236
181
1
33
0.5
0.5
6.85
0
0.3
41.15
1
2017 Jan 01 01:38:21 AM
2017 Jan 01 02:02:23 AM
2
10
1
N
107
92
1
30
0.5
0.5
9.2
5.54
0.3
46.04
1
2017 Jan 01 01:38:38 AM
2017 Jan 01 02:21:33 AM
2
10
1
N
162
181
1
36
0.5
0.5
5
0
0.3
42.3
1
2017 Jan 01 01:40:27 AM
2017 Jan 01 02:14:56 AM
1
10
1
N
87
226
1
33
0.5
0.5
0
0
0.3
34.3
1
2017 Jan 01 01:42:15 AM
2017 Jan 01 02:17:13 AM
1
10
1
N
4
116
1
36
0.5
0.5
2.5
0
0.3
39.8
2
2017 Jan 01 01:46:11 AM
2017 Jan 01 02:22:32 AM
1
10
1
N
238
37
1
33.5
0.5
0.5
6.96
0
0.3
41.76
1
2017 Jan 01 01:48:54 AM
2017 Jan 01 02:04:15 AM
2
10
1
N
223
96
1
28.5
0.5
0.5
5.2
0
0.3
35
1
2017 Jan 01 01:51:09 AM
2017 Jan 01 02:18:27 AM
2
10
1
N
141
181
1
31
0.5
0.5
3
0
0.3
35.3
1
2017 Jan 01 02:13:44 AM
2017 Jan 01 02:54:16 AM
1
10
1
N
61
143
1
35.5
0.5
0.5
7.36
0
0.3
44.16
1
2017 Jan 01 02:26:43 AM
2017 Jan 01 03:00:35 AM
1
10
1
N
142
97
1
33.5
0.5
0.5
6.95
0
0.3
41.75
1
2017 Jan 01 02:43:36 AM
2017 Jan 01 03:18:05 AM
4
10
1
N
68
243
1
34
0.5
0.5
1
0
0.3
36.3
1
2017 Jan 01 02:45:08 AM
2017 Jan 01 03:11:07 AM
1
10
1
N
189
7
1
30.5
0.5
0.5
4.77
0
0.3
36.57
1
2017 Jan 01 02:51:38 AM
2017 Jan 01 03:14:33 AM
2
10
1
N
264
264
1
30.5
0.5
0.5
6.35
0
0.3
38.15
2
2017 Jan 01 03:00:51 AM
2017 Jan 01 03:25:57 AM
1
10
1
N
148
223
1
30.5
0.5
0.5
7.95
0
0.3
39.75
1
2017 Jan 01 03:01:03 AM
2017 Jan 01 03:55:50 AM
2
10
1
N
107
36
1
41
0.5
0.5
8.45
0
0.3
50.75
1
2017 Jan 01 03:53:54 AM
2017 Jan 01 04:17:07 AM
1
10
1
N
234
178
1
30
0.5
0.5
7.35
5.54
0.3
44.19
1
2017 Jan 01 03:55:32 AM
2017 Jan 01 04:19:51 AM
1
10
1
N
239
25
1
31
0.5
0.5
6.45
0
0.3
38.75
1
2017 Jan 01 03:59:47 AM
2017 Jan 01 04:29:47 AM
2
10
1
N
68
179
1
32
0.5
0.5
0
5.54
0.3
38.84
2
2017 Jan 01 04:04:49 AM
2017 Jan 01 04:40:26 AM
1
10
1
N
100
228
1
33.5
0.5
0.5
6.96
0
0.3
41.76
1
2017 Jan 01 04:05:09 AM
2017 Jan 01 04:26:38 AM
2
10
1
N
75
61
1
29
0.5
0.5
6.05
0
0.3
36.35
1
2017 Jan 01 04:08:48 AM
2017 Jan 01 04:26:43 AM
1
10
1
N
50
220
1
28.5
0.5
0.5
5
0
0.3
34.8
2
2017 Jan 01 04:21:43 AM
2017 Jan 01 04:53:47 AM
1
10
1
N
146
61
1
33.5
0.5
0.5
6.96
0
0.3
41.76
2
2017 Jan 01 04:26:50 AM
2017 Jan 01 04:57:24 AM
1
10
1
N
144
42
1
32
0.5
0.5
6.66
0
0.3
39.96
1
2017 Jan 01 04:35:36 AM
2017 Jan 01 04:57:29 AM
1
10
1
N
211
179
1
30
0.5
0.5
5
0
0.3
36.3
2
2017 Jan 01 04:42:26 AM
2017 Jan 01 05:01:21 AM
1
10
1
N
179
25
1
29
0.5
0.5
2
0
0.3
32.3
1
2017 Jan 01 04:49:39 AM
2017 Jan 01 05:13:40 AM
1
10
1
N
79
69
1
30
0.5
0.5
3.7
0
0.3
35
1
2017 Jan 01 05:06:04 AM
2017 Jan 01 05:21:20 AM
1
10
1
N
233
138
1
28
0.5
0.5
6.95
5.54
0.3
41.79
1
2017 Jan 01 05:56:26 AM
2017 Jan 01 06:33:12 AM
1
10
1
N
161
82
1
33
0
0.5
6.75
0
0.3
40.55
1
2017 Jan 01 06:03:05 AM
2017 Jan 01 06:23:49 AM
3
10
1
N
68
243
1
30.5
0
0.5
2
0
0.3
33.3
2
2017 Jan 01 06:03:44 AM
2017 Jan 01 06:26:17 AM
5
10
1
N
234
243
1
30
0
0.5
2
0
0.3
32.8
1
2017 Jan 01 06:10:14 AM
2017 Jan 01 06:30:21 AM
3
10
1
N
161
138
1
28.5
0
0.5
5
5.54
0.3
39.84
1
2017 Jan 01 06:40:48 AM
2017 Jan 01 07:09:25 AM
1
10
1
N
264
264
1
31
0
0.5
3
0
0.3
34.8
2
2017 Jan 01 12:09:52 AM
2017 Jan 01 12:26:59 AM
1
10
1
N
132
35
1
28.5
0.5
0.5
5.96
0
0.3
35.76
1
2017 Jan 01 12:10:06 AM
2017 Jan 01 12:31:14 AM
1
10
1
N
264
264
1
30
0.5
0.5
6.25
0
0.3
37.55
1
2017 Jan 01 12:11:53 AM
2017 Jan 01 12:38:31 AM
1
10
1
N
209
238
1
31
0.5
0.5
6.45
0
0.3
38.75
1
2017 Jan 01 12:13:37 AM
2017 Jan 01 12:47:54 AM
2
10
1
N
234
243
1
34
0.5
0.5
3
0
0.3
38.3
1
2017 Jan 01 12:33:38 AM
2017 Jan 01 01:04:05 AM
1
10
1
N
33
50
1
31.5
0.5
0.5
6.55
0
0.3
39.35
1
2017 Jan 01 12:43:39 AM
2017 Jan 01 01:19:53 AM
1
10
1
N
37
140
1
33.5
0.5
0.5
1
0
0.3
35.8
1
2017 Jan 01 01:00:39 AM
2017 Jan 01 01:29:11 AM
2
10
1
N
106
141
1
30.5
0.5
0.5
6.35
0
0.3
38.15
1
2017 Jan 01 01:16:24 AM
2017 Jan 01 01:50:07 AM
1
10
1
N
262
189
1
32
0.5
0.5
6.65
0
0.3
39.95
1
2017 Jan 14 05:31:48 PM
2017 Jan 14 06:15:10 PM
1
10
1
Y
138
142
1
35
0
0.5
8.25
5.54
0.3
49.59
2
2017 Jan 14 06:03:42 PM
2017 Jan 14 06:40:49 PM
1
10
1
N
132
37
1
33
0
0.5
3
0
0.3
36.8
1
2017 Jan 14 06:28:21 PM
2017 Jan 14 07:06:07 PM
1
10
1
N
100
181
1
32.5
0
0.5
3
0
0.3
36.3
2
2017 Jan 14 06:55:21 PM
2017 Jan 14 07:26:34 PM
6
10
1
N
138
189
1
31
0
0.5
6.36
0
0.3
38.16
1
2017 Jan 14 08:00:47 PM
2017 Jan 14 08:46:32 PM
3
10
1
N
138
48
1
38
0
0.5
8.85
5.54
0.3
53.19
1
2017 Jan 14 08:28:41 PM
2017 Jan 14 09:01:31 PM
3
10
1
N
138
48
1
32.5
0.5
0.5
9.8
5.54
0.3
49.14
1
2017 Jan 14 09:04:03 PM
2017 Jan 14 09:21:22 PM
1
10
1
N
231
244
1
28.5
0.5
0.5
2
0
0.3
31.8
1
2017 Jan 14 09:36:43 PM
2017 Jan 14 10:01:46 PM
2
10
1
N
263
40
1
30
0.5
0.5
6.25
0
0.3
37.55
1
2017 Jan 14 10:15:19 PM
2017 Jan 14 10:50:14 PM
2
10
1
N
48
189
1
33
0.5
0.5
5
0
0.3
39.3
1
2017 Jan 14 10:18:48 PM
2017 Jan 14 10:44:56 PM
1
10
1
N
138
211
1
31
0.5
0.5
5.5
0
0.3
37.8
1
2017 Jan 14 10:21:23 PM
2017 Jan 14 10:58:21 PM
1
10
1
Y
138
230
1
35
0.5
0.5
8.35
5.54
0.3
50.19
1
2017 Jan 14 10:33:28 PM
2017 Jan 14 10:54:30 PM
1
10
1
N
237
185
1
28.5
0.5
0.5
5.95
0
0.3
35.75
1
2017 Jan 14 10:39:50 PM
2017 Jan 14 11:12:36 PM
1
10
1
N
48
95
1
33
0.5
0.5
5.5
0
0.3
39.8
1
2017 Jan 14 11:30:21 PM
2017 Jan 15 12:01:14 AM
2
10
1
Y
142
257
1
30.5
0.5
0.5
5
5.54
0.3
42.34
1
2017 Jan 14 11:41:31 PM
2017 Jan 15 12:15:17 AM
1
10
1
N
129
244
1
33
0.5
0.5
2
5.54
0.3
41.84
1
2017 Jan 14 11:50:42 PM
2017 Jan 15 12:24:35 AM
1
10
1
N
232
152
1
33.5
0.5
0.5
6.95
0
0.3
41.75
1
2017 Jan 14 11:58:08 PM
2017 Jan 15 12:21:06 AM
1
10
1
N
138
224
1
30.5
0.5
0.5
6.35
0
0.3
38.15
1
2017 Jan 15 01:29:48 AM
2017 Jan 15 01:49:44 AM
3
10
1
N
148
179
1
29
0.5
0.5
6.05
0
0.3
36.35
1
2017 Jan 15 01:46:13 AM
2017 Jan 15 02:09:41 AM
4
10
1
N
148
223
1
30.5
0.5
0.5
3
0
0.3
34.8
1
2017 Jan 15 02:02:31 AM
2017 Jan 15 02:21:33 AM
2
10
1
N
138
79
1
29.5
0.5
0.5
6.15
0
0.3
36.95
1
2017 Jan 15 02:34:20 AM
2017 Jan 15 02:57:07 AM
1
10
1
N
140
258
1
29.5
0.5
0.5
6.15
0
0.3
36.95
1
2017 Jan 15 02:54:22 AM
2017 Jan 15 03:17:15 AM
1
10
1
N
79
223
1
30.5
0.5
0.5
3
0
0.3
34.8
1
2017 Jan 15 02:58:56 AM
2017 Jan 15 03:31:31 AM
1
10
1
N
158
196
1
33
0.5
0.5
7.95
5.54
0.3
47.79
1
2017 Jan 15 03:19:48 AM
2017 Jan 15 03:39:02 AM
1
10
1
N
164
93
1
29.5
0.5
0.5
7.25
5.54
0.3
43.59
1
2017 Jan 15 03:34:21 AM
2017 Jan 15 04:01:07 AM
1
10
1
N
234
116
1
30.5
0.5
0.5
2
0
0.3
33.8
1
2017 Jan 01 09:06:25 AM
2017 Jan 01 09:29:37 AM
1
10
1
N
138
230
1
30
0
0.5
10
5.54
0.3
46.34
1
2017 Jan 01 01:20:50 PM
2017 Jan 01 01:40:19 PM
3
10
1
N
143
138
1
28.5
0
0.5
10
5.54
0.3
44.84
1
2017 Jan 01 01:47:46 AM
2017 Jan 01 02:29:34 AM
1
10
1
N
148
152
1
38
0.5
0.5
11.75
0
0.3
51.05
1
2017 Jan 14 09:10:04 PM
2017 Jan 14 09:31:12 PM
1
10
1
N
181
141
1
29.5
0.5
0.5
10.9
5.54
0.3
47.24
2
2017 Jan 15 10:53:22 AM
2017 Jan 15 11:27:36 AM
1
10
1
N
138
246
1
33
0
0.5
11.8
5.54
0.3
51.14
1
2017 Jan 15 04:38:49 PM
2017 Jan 15 05:06:13 PM
1
10
2
N
93
166
1
52
0
0.5
10
5.54
0.3
68.34
1
2017 Jan 15 05:29:26 PM
2017 Jan 15 06:33:18 PM
1
10
1
N
138
230
1
45
0
0.5
10.25
5.54
0.3
61.59
2
2017 Jan 15 07:02:18 PM
2017 Jan 15 07:33:36 PM
1
10
1
N
138
233
1
33
0
0.5
11.8
5.54
0.3
51.14
1
2017 Jan 15 08:24:27 PM
2017 Jan 15 08:47:35 PM
1
10
2
N
93
230
1
52
0
0.5
10.55
0
0.3
63.35
2
2017 Jan 16 05:37:51 PM
2017 Jan 16 06:10:30 PM
6
10
1
N
48
138
1
33
0
0.5
11.8
5.54
0.3
51.14
2
2017 Jan 17 04:50:49 AM
2017 Jan 17 05:12:19 AM
2
10
1
N
43
138
1
29
0.5
0.5
10.75
5.54
0.3
46.59
1
2017 Jan 17 08:54:25 AM
2017 Jan 17 09:45:06 AM
1
10
1
N
50
181
1
38
0
0.5
11.6
0
0.3
50.4
1
2017 Jan 17 09:23:42 AM
2017 Jan 17 10:14:07 AM
1
10
1
N
138
65
1
34.5
0
0.5
10
0
0.3
45.3
1
2017 Jan 17 10:03:22 AM
2017 Jan 17 11:07:07 AM
1
10
1
N
138
230
1
45
0
0.5
10.25
5.54
0.3
61.59
1
2017 Jan 17 01:20:24 PM
2017 Jan 17 02:05:40 PM
2
10
1
N
230
138
1
38.5
0
0.5
10
0
0.3
49.3
1
2017 Jan 17 01:55:24 PM
2017 Jan 17 02:34:09 PM
1
10
1
N
100
138
1
35
0
0.5
10.7
0
0.3
46.5
1
2017 Jan 17 03:02:13 PM
2017 Jan 17 04:12:17 PM
1
10
1
N
246
138
1
49.5
0
0.5
11.15
5.54
0.3
66.99
1
2017 Jan 17 03:11:42 PM
2017 Jan 17 03:55:15 PM
1
10
1
N
138
230
1
38
0
0.5
11.05
5.54
0.3
55.39
1
2017 Jan 17 10:48:44 PM
2017 Jan 17 11:08:17 PM
1
10
1
N
138
141
1
28.5
0.5
0.5
10
5.54
0.3
45.34
1
2017 Jan 17 11:19:34 PM
2017 Jan 18 12:01:08 AM
2
10
1
N
161
61
1
35
0.5
0.5
10.85
0
0.3
47.15
2
2017 Jan 18 10:19:31 AM
2017 Jan 18 11:02:19 AM
1
10
1
N
138
224
1
37
0
0.5
10.84
5.54
0.3
54.18
1
2017 Jan 18 12:20:05 PM
2017 Jan 18 12:46:35 PM
2
10
1
N
138
79
1
30.5
0
0.5
11.05
5.54
0.3
47.89
1
2017 Jan 18 02:04:46 PM
2017 Jan 18 02:45:48 PM
1
10
1
N
90
138
1
33.5
0
0.5
11.95
5.54
0.3
51.79
1
2017 Jan 18 04:11:57 PM
2017 Jan 18 04:55:39 PM
2
10
1
N
138
143
1
36.5
1
0.5
10.95
5.54
0.3
54.79
1
2017 Jan 18 04:23:57 PM
2017 Jan 18 05:22:53 PM
1
10
1
N
234
138
1
39
1
0.5
11.55
5.54
0.3
57.89
1
2017 Jan 18 04:28:43 PM
2017 Jan 18 05:20:30 PM
1
10
1
N
107
138
1
36
1
0.5
10.8
5.54
0.3
54.14
1
2017 Jan 18 04:43:58 PM
2017 Jan 18 05:21:36 PM
1
10
1
N
138
238
1
34
1
0.5
10.3
5.54
0.3
51.64
1
2017 Jan 18 04:56:43 PM
2017 Jan 18 05:31:31 PM
1
10
1
N
138
141
1
31
1
0.5
11.5
5.54
0.3
49.84
1
2017 Jan 18 05:35:30 PM
2017 Jan 18 06:11:26 PM
1
10
1
N
239
138
1
32
1
0.5
11.8
5.54
0.3
51.14
1
2017 Jan 18 06:02:02 PM
2017 Jan 18 06:45:20 PM
2
10
1
N
48
133
1
35.5
1
0.5
10.7
5.54
0.3
53.54
1
2017 Jan 09 11:14:52 AM
2017 Jan 09 12:04:43 PM
1
10
1
N
138
68
1
40
0
0.5
11.55
5.54
0.3
57.89
1
2017 Jan 05 07:30:44 PM
2017 Jan 05 07:53:37 PM
1
10
1
N
138
107
1
29.5
1
0.5
11.05
5.54
0.3
47.89
1
2017 Jan 05 08:42:53 PM
2017 Jan 05 08:43:20 PM
1
10
5
N
265
265
1
122
0
0
10
0
0.3
132.3
1
2017 Jan 05 08:56:51 PM
2017 Jan 05 09:25:11 PM
1
10
1
N
230
181
1
30.5
0.5
0.5
11.2
5.54
0.3
48.54
2
2017 Jan 18 09:23:34 PM
2017 Jan 18 09:46:13 PM
1
10
1
N
138
141
1
29.5
0.5
0.5
10.9
5.54
0.3
47.24
1
2017 Jan 19 12:20:53 AM
2017 Jan 19 12:42:33 AM
1
10
1
N
138
262
1
29.5
0.5
0.5
10.9
5.54
0.3
47.24
1
2017 Jan 19 06:40:01 AM
2017 Jan 19 07:02:51 AM
1
10
1
N
163
138
1
29
0
0.5
10.6
5.54
0.3
45.94
1
2017 Jan 15 07:19:58 AM
2017 Jan 15 07:52:48 AM
1
10
1
N
43
138
1
34
0
0.5
12.1
5.54
0.3
52.44
1
2017 Jan 15 08:58:48 AM
2017 Jan 15 09:22:44 AM
1
10
1
N
68
138
1
30.5
0
0.5
13
0
0.3
44.3
1
2017 Jan 15 04:56:17 PM
2017 Jan 15 05:58:14 PM
1
10
1
Y
138
234
1
46
0
0.5
13.05
5.54
0.3
65.39
1
2017 Jan 15 09:14:58 PM
2017 Jan 15 09:49:40 PM
2
10
1
N
138
90
1
33.5
0.5
0.5
12.1
5.54
0.3
52.44
1
2017 Jan 17 11:02:14 AM
2017 Jan 17 12:03:29 PM
1
10
1
N
138
48
1
46
0
0.5
13.05
5.54
0.3
65.39
1
2017 Jan 17 11:45:03 AM
2017 Jan 17 12:46:07 PM
1
10
1
N
138
164
1
44.5
0
0.5
12.7
5.54
0.3
63.54
1
2017 Jan 17 08:19:26 PM
2017 Jan 17 08:42:13 PM
1
10
5
N
161
265
1
60
0
0
14.15
10.5
0.3
84.95
1
2017 Jan 18 09:48:15 AM
2017 Jan 18 10:26:45 AM
1
10
1
N
238
138
1
35.5
0
0.5
12.55
5.54
0.3
54.39
1
2017 Jan 18 04:44:18 PM
2017 Jan 18 05:31:47 PM
1
10
1
Y
162
138
1
34
1
0.5
12.4
5.54
0.3
53.74
2
2017 Jan 18 07:57:36 PM
2017 Jan 18 08:48:48 PM
6
10
1
N
263
33
1
38.5
1
0.5
12.09
0
0.3
52.39
1
2017 Jan 19 03:53:31 PM
2017 Jan 19 04:44:03 PM
1
10
1
Y
138
107
1
39
1
0.5
13.9
5.54
0.3
60.24
2
2017 Jan 07 01:04:24 AM
2017 Jan 07 01:19:43 AM
1
10
5
N
48
265
1
60
0
0
14.16
10.5
0.3
84.96
1
2017 Jan 19 06:05:39 PM
2017 Jan 19 06:49:29 PM
1
10
1
N
138
162
1
36
1
0.5
13
5.54
0.3
56.34
1
2017 Jan 08 04:58:24 PM
2017 Jan 08 05:55:12 PM
1
10
1
N
237
138
1
42.5
0
0.5
14.65
5.54
0.3
63.49
1
2017 Jan 02 03:20:46 PM
2017 Jan 02 03:53:49 PM
1
10
1
N
113
138
1
34.5
0
0.5
12.25
5.54
0.3
53.09
1
2017 Jan 03 03:35:50 PM
2017 Jan 03 04:15:05 PM
1
10
1
Y
138
48
1
35.5
0
0.5
12.55
5.54
0.3
54.39
1
2017 Jan 03 04:13:59 PM
2017 Jan 03 04:54:33 PM
1
10
1
N
138
90
1
35.5
1
0.5
12.85
5.54
0.3
55.69
1
2017 Jan 04 09:01:45 PM
2017 Jan 04 09:26:38 PM
1
10
5
N
260
265
1
81
0
0
14
18.04
0.3
113.34
1
2017 Jan 09 06:53:12 AM
2017 Jan 09 07:22:12 AM
1
10
1
N
143
138
1
31.5
0
0.5
14
0
0.3
46.3
1
2017 Jan 09 07:34:40 AM
2017 Jan 09 08:07:23 AM
1
10
1
N
68
138
1
33.5
0
0.5
12
0
0.3
46.3
1
2017 Jan 19 10:05:44 PM
2017 Jan 19 10:40:38 PM
1
10
1
N
13
226
1
35
0.5
0.5
12
0
0.3
48.3
1
2017 Jan 20 05:22:45 PM
2017 Jan 20 06:08:04 PM
1
10
1
N
163
138
1
36
1
0.5
13
5.54
0.3
56.34
1
2017 Jan 21 12:03:17 PM
2017 Jan 21 12:45:13 PM
1
10
5
N
238
265
1
40
0
0
13.2
12.5
0.3
66
1
2017 Jan 21 04:05:18 PM
2017 Jan 21 04:58:09 PM
2
10
1
N
164
138
1
43.5
0
0.5
12.45
5.54
0.3
62.29
1
2017 Jan 09 04:01:25 PM
2017 Jan 09 04:36:07 PM
1
10
1
N
162
138
1
34
1
0.5
12.4
5.54
0.3
53.74
1
2017 Jan 10 08:54:15 AM
2017 Jan 10 09:43:05 AM
1
10
1
N
233
138
1
40
0
0.5
13.9
5.54
0.3
60.24
1
2017 Jan 10 11:50:59 AM
2017 Jan 10 12:27:21 PM
1
10
1
N
138
90
1
35
0
0.5
12.4
5.54
0.3
53.74
1
2017 Jan 10 05:06:40 PM
2017 Jan 10 05:44:45 PM
2
10
1
N
264
264
1
33.5
1
0.5
12.25
5.54
0.3
53.09
1
2017 Jan 11 01:05:37 PM
2017 Jan 11 01:44:03 PM
2
10
1
N
161
138
1
36
0
0.5
12.7
5.54
0.3
55.04
1
2017 Jan 12 11:18:44 AM
2017 Jan 12 12:02:29 PM
1
10
1
N
138
230
1
37.5
0
0.5
13.15
5.54
0.3
56.99
1
2017 Jan 12 04:29:11 PM
2017 Jan 12 05:26:59 PM
1
10
1
N
234
138
1
39.5
1
0.5
14.05
5.54
0.3
60.89
1
2017 Jan 13 06:55:42 AM
2017 Jan 13 07:31:13 AM
1
10
1
N
239
138
1
34
0
0.5
12.1
5.54
0.3
52.44
1
2017 Jan 13 04:31:07 PM
2017 Jan 13 05:27:40 PM
1
10
1
N
138
234
1
42
1
0.5
12.3
5.54
0.3
61.64
1
2017 Jan 13 04:48:46 PM
2017 Jan 13 06:21:06 PM
1
10
1
N
237
138
1
57.5
1
0.5
12.95
5.54
0.3
77.79
2
2017 Jan 13 04:58:11 PM
2017 Jan 13 06:07:20 PM
1
10
1
N
138
239
1
47
1
0.5
13.58
5.54
0.3
67.92
1
2017 Jan 13 05:07:04 PM
2017 Jan 13 06:28:49 PM
1
10
1
N
143
70
1
52.5
1
0.5
13.55
0
0.3
67.85
2
2017 Jan 13 07:59:19 PM
2017 Jan 13 08:33:56 PM
1
10
1
N
138
79
1
33.5
0.5
0.5
12.1
5.54
0.3
52.44
1
2017 Jan 13 09:02:46 PM
2017 Jan 13 09:31:20 PM
1
10
1
N
138
43
1
31.5
0.5
0.5
12
5.54
0.3
50.34
1
2017 Jan 06 10:00:14 PM
2017 Jan 06 10:20:36 PM
1
10
5
N
186
265
1
80
0
0
16.05
0
0.3
96.35
1
2017 Jan 13 05:36:38 PM
2017 Jan 13 07:09:56 PM
1
10
1
N
230
138
1
58
1
0.5
16.3
5.54
0.3
81.64
1
2017 Jan 23 11:21:57 AM
2017 Jan 23 11:22:01 AM
1
10
2
N
132
132
1
52
0
0.5
15.8
0
0.3
68.6
1
2017 Jan 27 08:07:59 PM
2017 Jan 27 08:26:45 PM
1
10
1
N
170
134
1
28.5
0.5
0.5
18
5.54
0.3
53.34
1
2017 Feb 08 05:57:32 PM
2017 Feb 08 06:35:47 PM
2
10
1
N
138
234
1
35.5
1
0.5
16
0
0.3
53.3
1
2017 Feb 10 03:02:52 PM
2017 Feb 10 04:23:10 PM
1
10
1
N
100
138
1
50.5
0
0.5
17.05
5.54
0.3
73.89
1
2017 Feb 10 05:19:52 PM
2017 Feb 10 06:21:32 PM
1
10
1
N
138
239
1
45.5
1
0.5
15.85
5.54
0.3
68.69
1
2017 Feb 08 05:00:56 PM
2017 Feb 08 06:20:58 PM
1
10
1
N
234
138
1
50
1
0.5
17.2
5.54
0.3
74.54
1
2017 Feb 19 01:02:02 PM
2017 Feb 19 01:33:31 PM
1
10
2
N
93
162
1
52
0
0.5
15.8
0
0.3
68.6
1
2017 Mar 11 03:34:27 AM
2017 Mar 11 04:36:48 AM
1
10
1
N
164
265
1
46
0.5
0.5
17.3
10.5
0.3
75.1
1
2017 Mar 01 01:15:00 PM
2017 Mar 01 01:33:22 PM
1
10
1
N
264
264
1
28
0
0.5
16
0
0.3
44.8
1
2017 Mar 01 03:43:13 PM
2017 Mar 01 04:47:21 PM
1
10
1
N
164
138
1
47.5
0
0.5
16.15
5.54
0.3
69.99
1
2017 Mar 03 09:45:21 PM
2017 Mar 03 10:07:56 PM
1
10
1
N
138
33
1
30
0.5
0.5
18
0
0.3
49.3
1
2017 Mar 04 11:05:43 AM
2017 Mar 04 12:29:44 PM
1
10
1
N
138
137
1
56
0
0.5
15.55
5.54
0.3
77.89
2
2017 Mar 08 07:28:11 PM
2017 Mar 08 08:00:41 PM
1
10
1
N
138
249
1
32.5
1
0.5
18
5.54
0.3
57.84
1
2017 Mar 16 12:33:55 PM
2017 Mar 16 01:42:49 PM
1
10
1
N
138
162
1
45.5
0
0.5
15.55
5.54
0.3
67.39
1
2017 Mar 16 01:19:09 PM
2017 Mar 16 03:05:45 PM
1
10
1
N
138
230
1
65
0
0.5
17.8
5.54
0.3
89.14
1
2017 Mar 16 06:35:38 PM
2017 Mar 16 07:15:36 PM
1
10
1
N
264
264
1
33
1
0.5
16
0
0.3
50.8
1
2017 Mar 17 09:15:15 AM
2017 Mar 17 10:31:20 AM
1
10
1
N
230
138
1
54
0
0.5
16.4
0
0.3
71.2
1
2017 Mar 17 12:52:25 PM
2017 Mar 17 01:59:55 PM
1
10
1
N
264
264
1
47.5
0
0.5
16.15
5.54
0.3
69.99
2
2017 Mar 17 01:24:38 PM
2017 Mar 17 02:28:56 PM
1
10
1
N
230
138
1
48
0
0.5
16.3
5.54
0.3
70.64
1
2017 Mar 19 02:09:08 PM
2017 Mar 19 03:24:45 PM
4
10
1
N
138
230
1
51
0
0.5
17.25
5.76
0.3
74.81
1
2017 Mar 19 04:55:02 PM
2017 Mar 19 06:21:51 PM
1
10
1
N
138
107
1
57.5
0
0.5
16
5.76
0.3
80.06
2
2017 Mar 21 11:16:22 AM
2017 Mar 21 12:39:27 PM
1
10
1
N
138
230
1
52.5
0
0.5
17.65
5.54
0.3
76.49
1
2017 Mar 27 06:56:23 PM
2017 Mar 27 07:18:28 PM
1
10
2
N
93
164
1
52
4.5
0.5
15.75
5.76
0.3
78.81
1
2017 Mar 29 11:30:10 AM
2017 Mar 29 11:30:37 AM
1
10
2
N
41
41
1
52
0
0.5
17.55
5.76
0.3
76.11
1
2017 Apr 02 03:24:27 PM
2017 Apr 02 04:19:14 PM
1
10
1
N
138
230
1
40
0
0.5
16
0
0.3
56.8
1
2017 Apr 05 11:47:56 AM
2017 Apr 05 12:18:50 PM
1
10
1
N
230
138
1
32
0
0.5
16
5.76
0.3
54.56
1
2017 Apr 08 04:25:51 AM
2017 Apr 08 04:42:02 AM
1
10
5
N
264
265
1
55
0
0
16.45
10.5
0.3
82.25
1
2017 Apr 09 05:06:04 PM
2017 Apr 09 07:01:23 PM
1
10
1
N
138
249
1
69
0
0.5
17.45
0
0.3
87.25
1
2017 Apr 17 01:17:45 PM
2017 Apr 17 01:39:55 PM
1
10
1
N
138
162
1
28.5
0
0.5
15.55
5.76
0.3
50.61
1
2017 Apr 28 03:44:19 PM
2017 Apr 28 04:55:15 PM
2
10
1
N
138
234
1
47.5
1
0.5
16.5
5.76
0.3
71.56
1
2017 Apr 17 11:24:32 PM
2017 Apr 17 11:55:26 PM
1
10
1
N
138
230
1
33
0.5
0.5
17
5.76
0.3
57.06
1
2017 Jan 27 08:07:59 PM
2017 Jan 27 08:26:45 PM
1
10
1
N
170
134
1
28.5
0.5
0.5
18
5.54
0.3
53.34
1
2017 Feb 01 01:13:51 PM
2017 Feb 01 01:14:08 PM
1
10
5
N
1
1
1
79
0
0
18.65
14
0.3
111.95
2
2017 Feb 10 01:02:40 PM
2017 Feb 10 03:42:12 PM
1
10
1
N
43
138
1
91
0
0.5
18.36
0
0.3
110.16
1
2017 Feb 10 02:16:56 PM
2017 Feb 10 03:45:45 PM
1
10
1
N
164
138
1
56.5
0
0.5
18.85
5.54
0.3
81.69
1
2017 Mar 03 09:45:21 PM
2017 Mar 03 10:07:56 PM
1
10
1
N
138
33
1
30
0.5
0.5
18
0
0.3
49.3
2
2017 Mar 08 07:28:11 PM
2017 Mar 08 08:00:41 PM
1
10
1
N
138
249
1
32.5
1
0.5
18
5.54
0.3
57.84
1
2017 Apr 05 01:59:07 AM
2017 Apr 05 02:02:19 AM
2
10
5
N
112
112
1
98
0
0
19.65
0
0.3
117.95
1
2017 Apr 20 11:15:43 AM
2017 Apr 20 11:52:12 AM
1
10
1
N
138
97
1
32
0
0.5
19.51
0
0.3
52.31
1
2017 May 24 11:57:47 PM
2017 May 24 11:58:21 PM
1
10
5
N
265
265
1
90
0
0
18.05
0
0.3
108.35
1
2017 May 31 04:08:21 PM
2017 May 31 04:40:08 PM
1
10
2
N
93
79
1
52
4.5
0.5
18.9
5.76
0.3
81.96
1
2017 Jun 21 04:03:47 PM
2017 Jun 21 04:36:09 PM
1
10
2
N
93
90
1
52
4.5
0.5
18.9
5.76
0.3
81.96
1
2017 Jul 13 07:10:42 AM
2017 Jul 13 07:11:15 AM
1
10
5
N
1
1
1
90
0
0
18.05
0
0.3
108.35
1
2017 Aug 11 10:22:42 AM
2017 Aug 11 10:39:56 AM
2
10
1
N
200
75
1
28
0
0.5
18.56
2.64
0.3
50
1
2017 Sep 24 05:06:52 PM
2017 Sep 24 06:56:37 PM
1
10
1
N
138
90
1
67.5
0
0.5
18.5
5.76
0.3
92.56
1
2017 Sep 30 12:04:53 PM
2017 Sep 30 12:34:35 PM
1
10
1
N
164
138
1
32.5
0
0.5
18
0
0.3
51.3
1
2017 Oct 17 06:49:35 PM
2017 Oct 17 07:32:34 PM
1
10
1
N
186
63
1
34
1
0.5
19
5.76
0.3
60.56
1
2017 Oct 18 12:53:06 PM
2017 Oct 18 12:53:41 PM
1
10
5
N
265
265
1
90
0
0
18
0
0.3
108.3
1
2017 Nov 05 04:55:07 PM
2017 Nov 05 05:59:29 PM
1
10
1
N
138
68
1
44
0
0.5
18.5
0
0.3
63.3
1
2017 Dec 08 04:47:13 PM
2017 Dec 08 06:13:44 PM
1
10
1
N
138
230
1
55
1
0.5
18.75
5.76
0.3
81.31