1
2017 Jan 05 03:27:41 AM
2017 Jan 05 03:27:47 AM
1
2.6
1
N
152
152
1
2.5
0.5
0.5
30
0
0.3
33.8
1
2017 Jan 12 11:12:57 PM
2017 Jan 12 11:18:54 PM
1
2.6
5
N
246
265
1
0
0
0
52
10.5
0.3
62.8
1
2017 Jan 25 01:43:49 PM
2017 Jan 25 01:55:33 PM
1
2.6
1
N
43
163
1
10.5
0
0.5
70
0
0.3
81.3
1
2017 Jan 26 05:24:41 PM
2017 Jan 26 05:46:28 PM
1
2.6
1
N
237
68
1
14
1
0.5
25
0
0.3
40.8
1
2017 Jan 22 09:56:02 PM
2017 Jan 22 10:09:01 PM
1
2.6
1
N
48
113
1
11.5
0.5
0.5
88.76
0
0.3
101.56
1
2017 Feb 07 05:08:01 PM
2017 Feb 07 05:37:09 PM
1
2.6
1
N
237
68
1
16.5
1
0.5
25
0
0.3
43.3
1
2017 Feb 06 05:50:10 AM
2017 Feb 06 05:51:08 AM
1
2.6
5
N
226
226
1
999.99
0
0
200
0
0.3
1,200.29
1
2017 Feb 06 05:02:26 PM
2017 Feb 06 05:32:40 PM
1
2.6
1
N
237
68
1
14.5
1
0.5
25
0
0.3
41.3
1
2017 Feb 06 11:55:52 PM
2017 Feb 06 11:56:02 PM
1
2.6
1
N
265
265
1
2.5
0.5
0.5
47
0
0.3
50.8
1
2017 Feb 07 12:07:32 AM
2017 Feb 07 12:19:00 AM
2
2.6
1
N
158
50
1
11
0.5
0.5
25
0
0.3
37.3
1
2017 Feb 07 10:55:13 AM
2017 Feb 07 11:33:24 AM
1
2.6
1
Y
145
100
1
22.5
0
0.5
31.3
5.54
0.3
60.14
1
2017 Feb 25 06:29:03 PM
2017 Feb 25 06:29:21 PM
4
2.6
5
N
1
1
1
119
0
0
23.85
0
0.3
143.15
1
2017 Feb 28 05:03:40 PM
2017 Feb 28 05:35:31 PM
1
2.6
1
N
163
68
1
14.5
1
0.5
25
0
0.3
41.3
1
2017 Mar 02 10:43:22 AM
2017 Mar 02 11:02:03 AM
1
2.6
1
N
229
79
1
14
0
0.5
40
0
0.3
54.8
1
2017 Mar 02 11:44:15 PM
2017 Mar 03 12:06:49 AM
1
2.6
1
N
230
48
1
15
0.5
0.5
40
0
0.3
56.3
1
2017 Mar 06 05:33:48 PM
2017 Mar 06 05:58:03 PM
1
2.6
1
N
163
68
1
15.5
1
0.5
25
0
0.3
42.3
1
2017 Mar 18 03:34:07 AM
2017 Mar 18 03:43:30 AM
1
2.6
2
N
265
265
1
52
0
0.5
33
0
0.3
85.8
1
2017 Mar 22 05:17:21 PM
2017 Mar 22 05:46:28 PM
1
2.6
1
N
163
68
1
15
1
0.5
25
0
0.3
41.8
1
2017 Mar 24 03:22:18 AM
2017 Mar 24 03:31:28 AM
1
2.6
1
N
125
164
1
10
0.5
0.5
90
0
0.3
101.3
1
2017 Mar 30 04:58:16 PM
2017 Mar 30 05:40:47 PM
1
2.6
1
N
163
68
1
15.5
1
0.5
25
0
0.3
42.3
2
2017 Apr 13 05:13:39 PM
2017 Apr 13 05:38:28 PM
2
2.6
1
N
114
230
1
16.5
1
0.5
93.96
0
0.3
112.26
1
2017 Apr 17 05:00:58 PM
2017 Apr 17 05:44:32 PM
1
2.6
1
N
163
68
1
16
1
0.5
25
0
0.3
42.8
1
2017 Apr 18 05:09:31 PM
2017 Apr 18 05:38:33 PM
1
2.6
1
N
163
68
1
15
1
0.5
25
0
0.3
41.8
1
2017 Apr 19 05:14:24 PM
2017 Apr 19 05:46:08 PM
1
2.6
1
N
163
68
1
16.5
1
0.5
25
0
0.3
43.3
1
2017 Apr 20 04:33:59 PM
2017 Apr 20 04:59:41 PM
1
2.6
1
N
163
68
1
14.5
1
0.5
25
0
0.3
41.3
1
2017 Apr 23 03:03:59 AM
2017 Apr 23 03:04:10 AM
1
2.6
1
N
265
265
1
2.5
0.5
0.5
65
0
0.3
68.8
1
2017 Apr 24 03:45:22 PM
2017 Apr 24 04:13:06 PM
1
2.6
1
N
163
68
1
15
1
0.5
25
0
0.3
41.8
1
2017 Apr 25 12:53:31 AM
2017 Apr 25 12:53:38 AM
1
2.6
1
N
123
123
1
2.5
0.5
0.5
33
0
0.3
36.8
1
2017 Apr 29 01:45:49 AM
2017 Apr 29 01:57:25 AM
1
2.6
1
N
148
233
1
10.5
0.5
0.5
25
0
0.3
36.8
1
2017 Apr 25 03:59:28 PM
2017 Apr 25 04:23:42 PM
1
2.6
1
N
163
68
1
14.5
1
0.5
50
0
0.3
66.3
1
2017 Apr 29 02:46:04 AM
2017 Apr 29 02:46:06 AM
1
2.6
1
N
265
265
1
2.5
0.5
0.5
80
0
0.3
83.8
1
2017 Apr 26 04:45:24 PM
2017 Apr 26 05:11:35 PM
1
2.6
1
N
163
68
1
16.5
1
0.5
25
0
0.3
43.3
1
2017 Apr 26 10:27:52 PM
2017 Apr 26 10:38:15 PM
1
2.6
5
N
265
265
1
209
0
0
35
19.75
0.3
264.05
1
2017 Apr 27 03:58:08 PM
2017 Apr 27 04:40:51 PM
1
2.6
1
N
237
68
1
15
1
0.5
25
0
0.3
41.8
1
2017 Apr 10 01:20:53 AM
2017 Apr 10 01:21:17 AM
1
2.6
2
N
265
265
1
52
0
0.5
30
0
0.3
82.8
1
2017 Apr 10 03:36:47 PM
2017 Apr 10 03:57:27 PM
1
2.6
2
N
162
226
1
52
0
0.5
25
0
0.3
77.8
1
2017 May 01 04:32:33 PM
2017 May 01 04:51:10 PM
1
2.6
1
N
163
68
1
13
1
0.5
25
0
0.3
39.8
1
2017 May 02 04:12:45 PM
2017 May 02 04:33:09 PM
1
2.6
1
N
163
68
1
14
1
0.5
25
0
0.3
40.8
1
2017 May 03 06:12:10 PM
2017 May 03 06:47:54 PM
1
2.6
1
N
163
68
1
21
1
0.5
25
0
0.3
47.8
1
2017 May 04 05:14:36 PM
2017 May 04 05:37:29 PM
1
2.6
1
N
237
68
1
15
1
0.5
25
0
0.3
41.8
1
2017 May 06 03:42:23 PM
2017 May 06 03:56:59 PM
1
2.6
1
N
170
148
1
12
0
0.5
50
0
0.3
62.8
1
2017 May 18 03:18:37 PM
2017 May 18 03:58:14 PM
1
2.6
2
N
230
48
1
52
0
0.5
25
0
0.3
77.8
1
2017 May 12 03:55:17 PM
2017 May 12 04:17:11 PM
1
2.6
1
N
87
68
1
15
0
0.5
30
0
0.3
45.8
1
2017 May 25 09:08:17 PM
2017 May 25 09:26:09 PM
1
2.6
1
N
79
233
1
13.5
0.5
0.5
50
0
0.3
64.8
1
2017 Jun 09 11:51:29 PM
2017 Jun 09 11:51:35 PM
1
2.6
1
N
265
265
1
2.5
0.5
0.5
94
0
0.3
97.8
2
2017 Jun 02 09:43:18 AM
2017 Jun 02 10:09:11 AM
6
2.6
1
N
161
249
1
16.5
0
0.5
262
0
0.3
279.3
1
2017 Jun 11 05:28:50 PM
2017 Jun 11 05:54:54 PM
2
2.6
1
N
87
231
1
16.5
0
0.5
30
0
0.3
47.3
1
2017 Jun 05 09:12:01 PM
2017 Jun 05 09:28:34 PM
3
2.6
1
N
107
163
1
12.5
0.5
0.5
25
0
0.3
38.8
1
2017 Jun 30 03:01:49 PM
2017 Jun 30 03:22:09 PM
1
2.6
1
N
114
162
1
14.5
0
0.5
25
0
0.3
40.3
1
2017 Jun 15 04:47:05 PM
2017 Jun 15 05:24:35 PM
1
2.6
1
N
237
68
1
18
1
0.5
25
0
0.3
44.8
1
2017 Jun 16 04:18:08 AM
2017 Jun 16 04:27:21 AM
1
2.6
1
N
48
114
1
10
0.5
0.5
40
0
0.3
51.3
1
2017 Jun 17 02:07:40 AM
2017 Jun 17 02:27:19 AM
1
2.6
1
N
148
186
1
14.5
0.5
0.5
100.1
0
0.3
115.9
1
2017 Jun 18 03:29:00 PM
2017 Jun 18 03:43:50 PM
1
2.6
1
N
239
162
1
12
0
0.5
40
0
0.3
52.8
1
2017 Jun 19 04:27:36 PM
2017 Jun 19 04:55:32 PM
1
2.6
1
N
163
68
1
16.5
1
0.5
25
0
0.3
43.3
1
2017 Jun 22 04:13:28 PM
2017 Jun 22 04:58:37 PM
1
2.6
1
N
237
68
1
14.5
1
0.5
25
0
0.3
41.3
1
2017 Jun 28 04:50:09 PM
2017 Jun 28 05:23:19 PM
1
2.6
1
N
163
68
1
11.5
1
0.5
25
0
0.3
38.3
1
2017 Jun 23 05:52:12 PM
2017 Jun 23 05:53:04 PM
1
2.6
5
N
1
1
1
75
0
0
25
30.5
0.3
130.8
1
2017 Jun 24 03:55:14 AM
2017 Jun 24 04:04:55 AM
1
2.6
1
N
249
87
1
10
0.5
0.5
25
0
0.3
36.3
2
2017 Jun 06 09:26:20 AM
2017 Jun 06 09:30:26 AM
1
2.6
1
N
4
88
1
9
0
0.5
26
0
0.3
35.8
1
2017 Jul 11 04:41:37 PM
2017 Jul 11 05:21:05 PM
1
2.6
1
N
237
68
1
20
1
0.5
25
0
0.3
46.8
1
2017 Jul 12 04:52:03 PM
2017 Jul 12 05:25:33 PM
1
2.6
1
N
163
68
1
19
1
0.5
25
0
0.3
45.8
1
2017 Jul 13 01:14:29 AM
2017 Jul 13 01:26:23 AM
1
2.6
1
N
148
90
1
11
0.5
0.5
30
0
0.3
42.3
1
2017 Jul 13 04:42:57 PM
2017 Jul 13 05:18:07 PM
1
2.6
1
N
237
68
1
19
1
0.5
25
0
0.3
45.8
1
2017 Jul 14 09:54:43 PM
2017 Jul 14 09:55:25 PM
1
2.6
5
N
265
265
1
101
0
0
23.5
16.26
0.3
141.06
1
2017 Jul 19 11:03:24 PM
2017 Jul 19 11:15:48 PM
1
2.6
1
N
237
113
1
11
0.5
0.5
27.7
0
0.3
40
1
2017 Jul 27 12:17:50 AM
2017 Jul 27 12:18:30 AM
1
2.6
5
N
265
265
1
133
0
0
26.65
0
0.3
159.95
1
2017 Aug 02 12:37:18 AM
2017 Aug 02 12:37:24 AM
1
2.6
1
N
125
125
1
2.5
0.5
0.5
30
0
0.3
33.8
1
2017 Aug 02 01:08:00 AM
2017 Aug 02 01:22:19 AM
1
2.6
1
N
264
264
1
12
0.5
0.5
75
0
0.3
88.3
2
2017 Aug 11 01:52:48 PM
2017 Aug 11 02:15:29 PM
5
2.6
1
N
234
231
1
14
0
0.5
25
0
0.3
39.8
1
2017 Aug 16 02:43:05 AM
2017 Aug 16 02:51:17 AM
1
2.6
1
N
148
65
1
10
0.5
0.5
80
0
0.3
91.3
1
2017 Aug 23 09:52:49 AM
2017 Aug 23 10:12:51 AM
4
2.6
1
N
148
12
1
14
0
0.5
50
0
0.3
64.8
1
2017 Aug 28 12:53:45 AM
2017 Aug 28 12:54:09 AM
1
2.6
5
N
68
68
1
250
0
0
62.55
0
0.3
312.85
2
2017 Sep 02 09:43:27 AM
2017 Sep 02 09:53:18 AM
1
2.6
1
N
50
141
1
10
0
0.5
52
0
0.3
62.8
1
2017 Sep 02 10:35:24 PM
2017 Sep 02 10:42:23 PM
1
2.6
5
N
265
265
1
116
0
0
23.25
0
0.3
139.55
1
2017 Sep 08 04:54:47 PM
2017 Sep 08 05:16:27 PM
2
2.6
1
N
170
140
1
14.5
1
0.5
25
0
0.3
41.3
1
2017 Sep 09 08:50:56 PM
2017 Sep 09 08:50:59 PM
1
2.6
1
N
37
37
1
2.5
0.5
0.5
50.05
0
0.3
53.85
1
2017 Sep 17 12:14:13 AM
2017 Sep 17 12:14:14 AM
1
2.6
1
N
67
67
1
2.5
0.5
0.5
35
0
0.3
38.8
1
2017 Sep 20 07:58:15 PM
2017 Sep 20 08:10:14 PM
1
2.6
3
N
125
265
1
28
1
0
30
10.5
0.3
69.8
1
2017 Sep 29 12:55:29 AM
2017 Sep 29 01:04:43 AM
1
2.6
1
N
256
112
1
10.5
0.5
0.5
45
0
0.3
56.8
1
2017 Oct 03 01:17:33 AM
2017 Oct 03 01:18:08 AM
1
2.6
5
N
129
129
1
150
0
0
30.05
0
0.3
180.35
1
2017 Oct 04 05:41:47 AM
2017 Oct 04 05:53:05 AM
1
2.6
1
N
229
146
1
11.5
0.5
0.5
60
0
0.3
72.8
1
2017 Oct 05 11:20:08 AM
2017 Oct 05 11:22:54 AM
2
2.6
4
N
265
265
1
4
0
0.5
57
10.5
0.3
72.3
1
2017 Oct 07 02:22:00 AM
2017 Oct 07 02:23:47 AM
1
2.6
5
N
265
265
1
140
0
0
28.05
0
0.3
168.35
1
2017 Oct 07 02:25:25 AM
2017 Oct 07 02:26:32 AM
1
2.6
5
N
265
265
1
0
0
0
200
0
0.3
200.3
1
2017 Oct 07 03:20:31 AM
2017 Oct 07 03:31:46 AM
1
2.6
1
N
161
234
1
11
0.5
0.5
50
0
0.3
62.3
1
2017 Oct 08 01:52:49 AM
2017 Oct 08 02:15:16 AM
1
2.6
1
N
170
142
1
16.5
0.5
0.5
40
0
0.3
57.8
1
2017 Nov 03 10:24:11 AM
2017 Nov 03 10:39:55 AM
1
2.6
1
N
68
231
1
12.5
0
0.5
50
0
0.3
63.3
1
2017 Nov 12 03:45:09 PM
2017 Nov 12 03:45:30 PM
1
2.6
5
N
138
138
1
93
0
0
23.3
0
0.3
116.6
1
2017 Nov 17 07:54:01 PM
2017 Nov 17 07:54:15 PM
1
2.6
1
N
113
113
1
2.5
1
0.5
40
0
0.3
44.3
1
2017 Nov 21 05:24:20 AM
2017 Nov 21 05:35:26 AM
1
2.6
5
N
113
233
1
150
0
0
30.05
0
0.3
180.35
1
2017 Nov 23 10:27:31 PM
2017 Nov 23 10:38:38 PM
1
2.6
1
N
158
87
1
10.5
0.5
0.5
110.1
0
0.3
121.9
1
2017 Nov 25 11:18:39 PM
2017 Nov 25 11:30:21 PM
1
2.6
1
N
233
145
1
11
0.5
0.5
25
0
0.3
37.3
1
2017 Dec 06 10:49:40 PM
2017 Dec 06 10:51:39 PM
1
2.6
1
N
229
229
1
3
0.5
0.5
200
0
0.3
204.3
1
2017 Dec 12 08:01:22 PM
2017 Dec 12 08:28:03 PM
1
2.6
1
N
230
75
1
18
0.5
0.5
25
0
0.3
44.3
1
2017 Dec 13 06:07:27 PM
2017 Dec 13 06:41:06 PM
2
2.6
1
N
239
186
1
20
1
0.5
50
0
0.3
71.8
1
2017 Dec 22 01:05:05 AM
2017 Dec 22 01:05:57 AM
1
2.6
5
N
246
246
1
140
0
0
28.05
0
0.3
168.35
1
2017 Dec 27 11:55:08 AM
2017 Dec 27 12:16:05 PM
1
2.6
1
N
264
264
1
14.5
0
0.5
25
0
0.3
40.3
1
2017 Dec 28 06:24:48 AM
2017 Dec 28 06:31:32 AM
1
2.6
1
N
234
231
1
9
0
0.5
50
0
0.3
59.8
1
2017 Dec 30 11:15:12 PM
2017 Dec 30 11:27:51 PM
1
2.6
1
N
232
256
1
11.5
0.5
0.5
53
0
0.3
65.8
1
2017 Dec 31 08:13:04 PM
2017 Dec 31 08:36:30 PM
2
2.6
1
N
161
161
1
15.5
0.5
0.5
23.2
0
0.3
40
2
2017 Jan 01 12:00:06 AM
2017 Jan 01 12:16:05 AM
2
2.6
1
N
79
163
1
12.5
0.5
0.5
2.76
0
0.3
16.56
1
2017 Jan 01 06:55:12 AM
2017 Jan 01 07:04:39 AM
1
2.6
1
N
256
114
1
11
0
0.5
1
0
0.3
12.8
2
2017 Jan 01 06:57:07 AM
2017 Jan 01 07:03:02 AM
1
2.6
1
N
141
137
1
9
0
0.5
1
0
0.3
10.8
1
2017 Jan 01 06:58:35 AM
2017 Jan 01 07:10:04 AM
1
2.6
1
N
146
179
1
11.5
0
0.5
2.45
0
0.3
14.75
1
2017 Jan 01 07:01:29 AM
2017 Jan 01 07:11:45 AM
2
2.6
1
N
50
233
1
10.5
0
0.5
2.25
0
0.3
13.55
1
2017 Jan 01 07:02:27 AM
2017 Jan 01 07:09:26 AM
1
2.6
1
N
263
170
1
9.5
0
0.5
1
0
0.3
11.3
1
2017 Jan 01 07:02:52 AM
2017 Jan 01 07:14:20 AM
5
2.6
1
N
244
127
1
11
0
0.5
0
0
0.3
11.8
1
2017 Jan 01 07:06:40 AM
2017 Jan 01 07:17:59 AM
1
2.6
1
N
247
78
1
11
0
0.5
0
0
0.3
11.8
1
2017 Jan 01 07:11:21 AM
2017 Jan 01 07:17:02 AM
1
2.6
1
N
141
137
1
9
0
0.5
2.9
0
0.3
12.7
1
2017 Jan 01 07:22:54 AM
2017 Jan 01 07:34:18 AM
1
2.6
1
N
179
260
1
11
0
0.5
1.2
0
0.3
13
1
2017 Jan 01 07:29:49 AM
2017 Jan 01 07:33:49 AM
1
2.6
1
N
74
42
1
9
0
0.5
1
0
0.3
10.8
1
2017 Jan 01 07:47:17 AM
2017 Jan 01 07:55:10 AM
1
2.6
1
N
48
141
1
9.5
0
0.5
0
0
0.3
10.3
1
2017 Jan 01 07:55:53 AM
2017 Jan 01 08:08:14 AM
1
2.6
1
N
100
141
1
10.5
0
0.5
0
0
0.3
11.3
1
2017 Jan 01 08:06:05 AM
2017 Jan 01 08:14:33 AM
1
2.6
1
N
170
142
1
10
0
0.5
2.15
0
0.3
12.95
1
2017 Jan 01 08:07:29 AM
2017 Jan 01 08:17:01 AM
1
2.6
1
N
229
90
1
10.5
0
0.5
2.25
0
0.3
13.55
1
2017 Jan 01 08:07:32 AM
2017 Jan 01 08:16:04 AM
1
2.6
1
N
263
170
1
10
0
0.5
2.15
0
0.3
12.95
1
2017 Jan 01 08:18:48 AM
2017 Jan 01 08:28:20 AM
1
2.6
1
N
151
163
1
10.5
0
0.5
3.7
0
0.3
15
1
2017 Jan 01 08:35:29 AM
2017 Jan 01 08:42:52 AM
1
2.6
1
N
234
162
1
9.5
0
0.5
0
0
0.3
10.3
1
2017 Jan 01 08:38:12 AM
2017 Jan 01 08:46:51 AM
2
2.6
1
N
238
74
1
10
0
0.5
2
0
0.3
12.8
2
2017 Jan 01 08:47:34 AM
2017 Jan 01 08:58:52 AM
1
2.6
1
N
238
116
1
11.5
0
0.5
2.46
0
0.3
14.76
1
2017 Jan 01 08:49:52 AM
2017 Jan 01 08:55:44 AM
1
2.6
1
N
132
218
1
9.5
0
0.5
1
0
0.3
11.3
2
2017 Jan 01 08:51:47 AM
2017 Jan 01 08:57:53 AM
1
2.6
1
N
141
107
1
9.5
0
0.5
1.54
0
0.3
11.84
1
2017 Jan 01 08:57:00 AM
2017 Jan 01 09:11:50 AM
1
2.6
1
N
113
48
1
12
0
0.5
0
0
0.3
12.8
2
2017 Jan 01 09:00:01 AM
2017 Jan 01 09:08:11 AM
1
2.6
1
N
236
233
1
9.5
0
0.5
2.06
0
0.3
12.36
1
2017 Jan 01 09:01:06 AM
2017 Jan 01 09:10:12 AM
1
2.6
1
N
144
186
1
9.5
0
0.5
3
0
0.3
13.3
1
2017 Jan 01 09:01:33 AM
2017 Jan 01 09:08:04 AM
1
2.6
1
N
161
239
1
9
0
0.5
5
0
0.3
14.8
1
2017 Jan 01 09:06:32 AM
2017 Jan 01 09:19:57 AM
1
2.6
1
N
107
246
1
12
0
0.5
2.55
0
0.3
15.35
1
2017 Jan 01 09:10:21 AM
2017 Jan 01 09:20:51 AM
1
2.6
1
N
162
163
1
10
0
0.5
0
0
0.3
10.8
1
2017 Jan 01 09:15:42 AM
2017 Jan 01 09:27:13 AM
1
2.6
1
N
239
186
1
11
0
0.5
2.5
0
0.3
14.3
1
2017 Jan 01 09:22:23 AM
2017 Jan 01 09:30:46 AM
2
2.6
1
N
142
90
1
10
0
0.5
2
0
0.3
12.8
1
2017 Jan 01 09:01:33 AM
2017 Jan 01 09:08:04 AM
1
2.6
1
N
161
239
1
9
0
0.5
5
0
0.3
14.8
1
2017 Jan 01 10:58:42 AM
2017 Jan 01 11:07:34 AM
1
2.6
1
N
262
74
1
10
0
0.5
5
0
0.3
15.8
1
2017 Jan 01 12:20:39 PM
2017 Jan 01 12:28:40 PM
1
2.6
1
N
230
236
1
9.5
0
0.5
5
0
0.3
15.3
1
2017 Jan 01 02:24:47 PM
2017 Jan 01 02:37:17 PM
1
2.6
1
N
170
45
1
11
0
0.5
5
0
0.3
16.8
1
2017 Jan 01 02:39:17 PM
2017 Jan 01 02:56:56 PM
1
2.6
1
N
163
107
1
13
0
0.5
5
0
0.3
18.8
1
2017 Jan 01 03:27:57 PM
2017 Jan 01 03:32:03 PM
1
2.6
1
N
216
132
1
9
0
0.5
10
0
0.3
19.8
1
2017 Jan 01 01:22:27 AM
2017 Jan 01 01:40:52 AM
1
2.6
1
N
148
170
1
13
0.5
0.5
5
0
0.3
19.3
2
2017 Jan 01 01:41:03 AM
2017 Jan 01 02:22:27 AM
2
2.6
1
N
229
48
1
24
0.5
0.5
5.06
0
0.3
30.36
1
2017 Jan 01 01:55:57 AM
2017 Jan 01 02:11:14 AM
2
2.6
1
N
48
43
1
12.5
0.5
0.5
6.2
0
0.3
20
1
2017 Jan 01 02:06:37 AM
2017 Jan 01 02:17:16 AM
1
2.6
1
N
231
68
1
11
0.5
0.5
5
0
0.3
17.3
1
2017 Jan 01 03:00:06 AM
2017 Jan 01 03:13:14 AM
1
2.6
1
N
37
188
1
11.5
0.5
0.5
5
0
0.3
17.8
1
2017 Jan 01 04:12:17 AM
2017 Jan 01 04:24:35 AM
1
2.6
1
N
158
261
1
11.5
0.5
0.5
10
0
0.3
22.8
1
2017 Jan 01 04:22:15 AM
2017 Jan 01 04:31:51 AM
1
2.6
1
N
186
142
1
10
0.5
0.5
5
0
0.3
16.3
1
2017 Jan 01 12:20:10 AM
2017 Jan 01 01:12:55 AM
1
2.6
1
N
161
158
1
29
0.5
0.5
6.05
0
0.3
36.35
1
2017 Jan 14 05:33:13 PM
2017 Jan 14 05:59:42 PM
1
2.6
1
N
234
148
1
16.5
1
0.5
5.45
0
0.3
23.75
1
2017 Jan 14 05:41:06 PM
2017 Jan 14 05:52:06 PM
1
2.6
1
N
151
163
1
10
0
0.5
5
0
0.3
15.8
1
2017 Jan 14 06:07:59 PM
2017 Jan 14 06:31:23 PM
4
2.6
1
N
107
229
1
16
0
0.5
5
0
0.3
21.8
1
2017 Jan 14 06:45:28 PM
2017 Jan 14 07:15:22 PM
1
2.6
1
N
249
90
1
18
0
0.5
5.6
0
0.3
24.4
1
2017 Jan 14 07:54:14 PM
2017 Jan 14 08:13:57 PM
1
2.6
1
N
170
79
1
14
0.5
0.5
5
0
0.3
20.3
1
2017 Jan 14 08:10:45 PM
2017 Jan 14 08:34:57 PM
1
2.6
1
N
230
114
1
15.5
0.5
0.5
10
0
0.3
26.8
1
2017 Jan 14 09:31:17 PM
2017 Jan 14 09:57:37 PM
2
2.6
1
N
144
233
1
16.5
0.5
0.5
5.3
0
0.3
23.1
1
2017 Jan 15 01:14:14 AM
2017 Jan 15 01:27:53 AM
2
2.6
1
N
114
161
1
11.5
0.5
0.5
5
0
0.3
17.8
1
2017 Jan 15 02:11:29 AM
2017 Jan 15 02:26:02 AM
1
2.6
1
N
68
144
1
12.5
0.5
0.5
5
0
0.3
18.8
1
2017 Jan 15 02:29:01 AM
2017 Jan 15 02:38:15 AM
2
2.6
1
N
36
160
1
10
0.5
0.5
5
0
0.3
16.3
1
2017 Jan 15 02:42:00 PM
2017 Jan 15 02:56:13 PM
2
2.6
1
N
231
25
1
11
0
0.5
5
0
0.3
16.8
1
2017 Jan 15 02:57:01 PM
2017 Jan 15 03:21:27 PM
1
2.6
1
N
158
170
1
17
0
0.5
5.3
0
0.3
23.1
1
2017 Jan 15 04:21:36 PM
2017 Jan 15 04:35:48 PM
1
2.6
1
N
162
239
1
12
0
0.5
5
0
0.3
17.8
1
2017 Jan 15 06:47:58 PM
2017 Jan 15 07:01:51 PM
1
2.6
1
N
144
246
1
12
0
0.5
5
0
0.3
17.8
1
2017 Jan 15 09:14:15 PM
2017 Jan 15 09:28:15 PM
1
2.6
1
N
100
141
1
12
0.5
0.5
5
0
0.3
18.3
1
2017 Jan 15 11:12:12 PM
2017 Jan 15 11:21:04 PM
2
2.6
1
N
144
164
1
9.5
0.5
0.5
8
0
0.3
18.8
1
2017 Jan 01 09:26:47 PM
2017 Jan 01 09:40:19 PM
1
2.6
1
N
249
230
1
11.5
0.5
0.5
5
0
0.3
17.8
1
2017 Jan 01 09:35:57 PM
2017 Jan 01 09:51:05 PM
1
2.6
1
N
230
107
1
12
0.5
0.5
10
0
0.3
23.3
1
2017 Jan 16 05:56:36 PM
2017 Jan 16 06:37:55 PM
4
2.6
1
N
144
186
1
25
0
0.5
5
0
0.3
30.8
1
2017 Jan 16 07:45:16 PM
2017 Jan 16 07:54:19 PM
1
2.6
2
N
145
107
1
52
0
0.5
7
5.54
0.3
65.34
2
2017 Jan 16 10:17:35 PM
2017 Jan 16 10:28:54 PM
1
2.6
1
N
162
146
1
10.5
0.5
0.5
5.5
0
0.3
17.3
1
2017 Jan 17 09:00:05 AM
2017 Jan 17 09:28:32 AM
1
2.6
1
N
79
230
1
18
0
0.5
5.6
0
0.3
24.4
1
2017 Jan 01 05:08:57 AM
2017 Jan 01 05:16:00 AM
1
2.6
1
N
21
29
1
9.5
0.5
0.5
19.8
0
0.3
30.6
1
2017 Jan 15 03:01:24 AM
2017 Jan 15 03:09:58 AM
1
2.6
1
N
234
261
1
10
0.5
0.5
20
0
0.3
31.3
1
2017 Jan 06 04:02:47 PM
2017 Jan 06 04:18:21 PM
1
2.6
2
N
75
142
1
52
4.5
0.5
15.7
5.54
0.3
78.54
1
2017 Jan 05 04:59:03 AM
2017 Jan 05 05:10:03 AM
4
2.6
1
N
246
264
1
10.5
0.5
0.5
20
0
0.3
31.8
1
2017 Jan 12 05:08:11 PM
2017 Jan 12 05:35:22 PM
1
2.6
1
N
163
68
1
14
1
0.5
15
0
0.3
30.8
1
2017 Jan 14 12:37:42 AM
2017 Jan 14 12:38:28 AM
1
2.6
5
N
237
163
1
52
0
0
15.65
0
0.3
67.95
1
2017 Jan 25 05:30:43 PM
2017 Jan 25 05:57:08 PM
1
2.6
1
N
237
68
1
15
1
0.5
20
0
0.3
36.8
1
2017 Jan 30 04:00:15 PM
2017 Jan 30 04:04:49 PM
1
2.6
2
N
132
132
1
52
4.5
0.5
15.7
5.54
0.3
78.54
1
2017 Feb 03 01:21:34 PM
2017 Feb 03 01:39:01 PM
2
2.6
1
N
239
162
1
13
0
0.5
16
0
0.3
29.8
1
2017 Feb 05 12:59:20 AM
2017 Feb 05 01:21:24 AM
2
2.6
1
N
79
87
1
15
0.5
0.5
15
0
0.3
31.3
1
2017 Feb 10 09:38:23 PM
2017 Feb 10 09:48:20 PM
1
2.6
2
N
194
166
1
52
0
0.5
17.5
5.54
0.3
75.84
1
2017 Feb 11 04:04:52 AM
2017 Feb 11 04:16:07 AM
1
2.6
1
N
164
145
1
11
0.5
0.5
20
5.54
0.3
37.84
1
2017 Feb 12 04:31:28 AM
2017 Feb 12 04:47:26 AM
1
2.6
1
N
83
138
1
12.5
0.5
0.5
15
0
0.3
28.8
1
2017 Feb 14 06:51:08 AM
2017 Feb 14 07:09:59 AM
1
2.6
1
N
263
230
1
14
0
0.5
20
0
0.3
34.8
1
2017 Feb 15 09:04:30 PM
2017 Feb 15 09:16:15 PM
2
2.6
1
N
163
236
1
11.5
0.5
0.5
20
0
0.3
32.8
1
2017 Feb 21 09:47:08 AM
2017 Feb 21 09:47:11 AM
1
2.6
2
N
231
231
1
52
0
0.5
17.2
0
0.3
70
1
2017 Feb 24 12:25:54 AM
2017 Feb 24 12:30:42 AM
1
2.6
2
N
238
50
1
52
0
0.5
15.8
0
0.3
68.6
1
2017 Feb 24 10:42:30 PM
2017 Feb 24 11:00:38 PM
1
2.6
1
N
231
231
1
13
0.5
0.5
15.7
0
0.3
30
1
2017 Feb 25 12:28:05 AM
2017 Feb 25 12:39:49 AM
2
2.6
1
N
142
246
1
11
0.5
0.5
20
0
0.3
32.3
1
2017 Feb 25 12:27:55 PM
2017 Feb 25 01:07:56 PM
1
2.6
1
N
234
246
1
23.5
0
0.5
20
0
0.3
44.3
1
2017 Mar 11 05:22:05 AM
2017 Mar 11 05:22:59 AM
1
2.6
5
N
264
264
1
0
0
0
15
0
0.3
15.3
1
2017 Mar 02 12:34:45 PM
2017 Mar 02 12:56:56 PM
1
2.6
1
N
161
234
1
14.5
0
0.5
15
0
0.3
30.3
2
2017 Mar 04 01:13:59 AM
2017 Mar 04 01:23:47 AM
6
2.6
1
N
68
161
1
10
0.5
0.5
17.7
0
0.3
29
1
2017 Mar 04 09:45:10 PM
2017 Mar 04 10:11:35 PM
2
2.6
1
N
186
79
1
16.5
0.5
0.5
17.8
0
0.3
35.6
1
2017 Mar 05 03:10:31 AM
2017 Mar 05 03:22:06 AM
1
2.6
1
N
144
186
1
10.5
0.5
0.5
20
0
0.3
31.8
1
2017 Mar 07 12:33:06 AM
2017 Mar 07 12:44:57 AM
1
2.6
1
N
140
239
1
11
0.5
0.5
15
0
0.3
27.3
1
2017 Mar 08 08:17:55 PM
2017 Mar 08 08:34:49 PM
1
2.6
1
N
161
211
1
12.5
0.5
0.5
20
0
0.3
33.8
1
2017 Mar 10 02:56:51 AM
2017 Mar 10 03:08:47 AM
1
2.6
1
N
170
140
1
11
0.5
0.5
15
0
0.3
27.3
1
2017 Mar 13 02:04:13 PM
2017 Mar 13 02:36:53 PM
1
2.6
1
N
90
90
1
20
0
0.5
20
0
0.3
40.8
1
2017 Mar 23 10:11:02 AM
2017 Mar 23 10:34:16 AM
1
2.6
1
N
161
236
1
15.5
0
0.5
18.22
0
0.3
34.52
1
2017 Mar 24 01:33:25 AM
2017 Mar 24 01:48:50 AM
1
2.6
1
N
188
106
1
13
0.5
0.5
15
0
0.3
29.3
1
2017 Mar 30 04:52:39 PM
2017 Mar 30 05:08:04 PM
1
2.6
1
N
142
234
1
11.5
1
0.5
16
0
0.3
29.3
1
2017 Apr 04 12:21:20 PM
2017 Apr 04 12:21:24 PM
1
2.6
1
N
140
140
1
2.5
0
0.5
16
0
0.3
19.3
1
2017 Apr 05 09:12:57 AM
2017 Apr 05 09:13:32 AM
1
2.6
5
N
265
265
1
90
0
0
18
0
0.3
108.3
1
2017 Apr 14 06:14:13 PM
2017 Apr 14 06:36:11 PM
1
2.6
1
N
162
170
1
15
1
0.5
20
0
0.3
36.8
1
2017 Apr 21 10:46:53 PM
2017 Apr 21 10:59:39 PM
1
2.6
1
N
249
13
1
11.5
0.5
0.5
20
0
0.3
32.8
1
2017 Apr 23 03:49:06 AM
2017 Apr 23 03:50:24 AM
1
2.6
5
N
265
265
1
55
0
0
19.7
10.5
0.3
85.5