30
52
70
25
88.76
25
200
25
47
25
31.3
23.85
25
40
40
25
33
25
90
25
93.96
25
25
25
25
65
25
33
25
50
80
25
35
25
30
25
25
25
25
25
50
25
30
50
94
262
30
25
25
25
40
100.1
40
25
25
25
25
25
26
25
25
30
25
23.5
27.7
26.65
30
75
25
80
50
62.55
52
23.25
25
50.05
35
30
45
30.05
60
57
28.05
200
50
40
50
23.3
40
30.05
110.1
25
200
25
50
28.05
25
50
53
23.2
2.76
1
1
2.45
2.25
1
0
0
2.9
1.2
1
0
0
2.15
2.25
2.15
3.7
0
2
2.46
1
1.54
0
2.06
3
5
2.55
0
2.5
2
5
5
5
5
5
10
5
5.06
6.2
5
5
10
5
6.05
5.45
5
5
5.6
5
10
5.3
5
5
5
5
5.3
5
5
5
8
5
10
5
7
5.5
5.6
19.8
20
15.7
20
15
15.65
20
15.7
16
15
17.5
20
15
20
20
17.2
15.8
15.7
20
20
15
15
17.7
17.8
20
15
20
15
20
18.22
15
16
16
18
20
20
