5.95 52
11.733333333333333 70
21.783333333333335 26.298637178646487
12.983333333333333 88.76
29.133333333333333 28.350522975620763
30.233333333333334 30.040097352104972
11.466666666666667 28.431342879009783
38.18333333333333 31.3
31.85 26.763381167183134
18.683333333333334 40
24.25 25.13396994184649
9.383333333333333 33
29.116666666666667 28.52829000748485
9.166666666666666 90
42.516666666666666 23.624124099394333
24.816666666666666 93.96
43.56666666666667 27.475321139547674
29.033333333333335 27.007538987512216
31.733333333333334 25.201942962638338
25.7 26.07867622021475
27.733333333333334 23.833513535934877
11.6 23.45533878968682
24.233333333333334 48.492226647274826
26.183333333333334 27.914435139215186
10.383333333333333 35
42.71666666666667 29.29421508840184
20.666666666666668 30.39475379254268
18.616666666666667 26.530014697107823
20.4 27.383567290468385
35.733333333333334 28.306910695378846
22.883333333333333 26.318220323374884
14.6 47.46019075042744
39.61666666666667 28.64644477064229
21.9 30
17.866666666666667 53.407958747757675
26.066666666666666 30
16.55 24.7017206545504
20.333333333333332 24.076084764447472
37.5 27.893776675662743
9.216666666666667 40
19.65 100.1
14.833333333333334 40
27.933333333333334 25.316961804694632
45.15 21.016448113843193
33.166666666666664 27.0719296874818
9.683333333333334 28.574411070784578
4.1 26
39.46666666666667 28.290646267310194
33.5 27.947287591868758
11.9 30
35.166666666666664 26.337742227662602
12.4 27.7
14.316666666666666 75
22.683333333333334 22.406497035831464
8.2 80
20.033333333333335 47.51398424206099
9.85 52
6.983333333333333 23.25
21.666666666666668 24.152044212683194
11.983333333333333 30
9.233333333333333 45
11.3 60
2.7666666666666666 57
11.25 52.138569334730605
22.45 40
15.733333333333333 49.070110010515975
11.1 30.05
11.116666666666667 110.1
11.7 27.23755041810011
26.683333333333334 28.71516403778385
33.65 53.83772040196612
20.95 25.8207777897487
6.733333333333333 47.16430350173773
12.65 53
23.433333333333334 23.2
15.983333333333333 2.76
9.45 1
5.916666666666667 1
11.483333333333333 2.45
10.266666666666667 2.25
6.983333333333333 1
11.466666666666667 0
11.316666666666666 0
5.683333333333334 2.9
11.4 1.2
4.0 1
7.883333333333334 0
12.35 0
8.466666666666667 2.15
9.533333333333333 2.25
8.533333333333333 2.15
9.533333333333333 3.7
7.383333333333334 0
8.65 2
11.3 2.46
5.866666666666666 1
6.1 1.54
14.833333333333334 0
8.166666666666666 2.06
9.1 3
6.516666666666667 5.203165383932939
13.416666666666666 2.55
10.5 0
11.516666666666667 2.5
8.383333333333333 2
6.516666666666667 5.722816815512039
8.866666666666667 7.591780934075752
8.016666666666667 7.279824367208229
12.5 7.5144497067656335
17.65 4.030338198659852
4.1 10
18.416666666666668 4.549680979074798
41.4 5.06
15.283333333333333 6.2
10.65 8.349377401277915
13.133333333333333 3.602957874029012
12.3 10
9.6 3.7039197642816823
52.75 6.05
26.483333333333334 5.45
11.0 3.2133166782950218
23.4 3.972128978992743
29.9 5.6
19.716666666666665 2.0303404732743977
24.2 10
26.333333333333332 5.3
13.65 3.942418422630144
14.55 5.836187760334036
9.233333333333333 4.867889441727588
14.216666666666667 3.922995359130615
24.433333333333334 5.3
14.2 4.121250409097775
13.883333333333333 8.532333132925164
14.0 4.750033557034888
8.866666666666667 8
13.533333333333333 5.368607826851449
15.133333333333333 10
41.31666666666667 6.137210567280842
9.05 7
11.316666666666666 5.5
28.45 5.6
7.05 19.8
8.566666666666666 22.411080796007376
15.566666666666666 15.7
11.0 23.31301456670345
27.183333333333334 15
26.416666666666668 19.64854367210175
4.566666666666666 15.7
17.45 16
22.066666666666666 15
9.95 17.5
11.25 24.174303701562522
15.966666666666667 15
18.85 19.864322847669797
11.75 20.307052011595992
4.8 15.8
18.133333333333333 15.7
11.733333333333333 15.616058424434058
40.016666666666666 24.13530674122628
22.183333333333334 15
9.8 17.7
26.416666666666668 17.8
11.583333333333334 23.50742543431859
11.85 15
16.9 15.46122328635677
11.933333333333334 15
32.666666666666664 22.227603452753957
23.233333333333334 18.22
15.416666666666666 15
15.416666666666666 16
21.966666666666665 19.096487157848042
12.766666666666667 23.25720404425069
